averageFitness,bestFitness
30704,26243
29609,23751
28378,22928
27752,21968
27211,21968
26741,21968
26188,21419
25598,21419
24979,21419
24708,21419
24407,21260
24196,20825
24016,20825
24025,20738
24041,20738
23881,20518
23785,20518
23652,20198
23996,20099
23573,19666
23703,19451
23551,18625
23196,18625
23206,18625
22941,18043
22431,18043
22126,18043
21884,18043
21717,18043
22013,18043
22112,18043
21586,18043
21132,17531
20819,17531
20712,17447
20555,17447
20392,17447
20518,17447
20470,17287
20140,16881
20169,16828
20107,16828
20408,16795
20319,16795
20351,16754
20581,16503
20824,16386
20837,16386
20596,16386
20506,16386
20486,16386
20459,16386
20430,16386
20971,16386
20899,16386
20523,16386
20197,16386
19905,16386
20031,16277
19877,16277
19698,16277
19194,16277
18654,16277
18278,16218
18402,15885
18438,15885
18266,15885
18560,15885
18863,15885
18614,15885
19009,15885
18870,15876
18782,15828
18597,15666
18806,15666
18545,15666
18420,15666
18019,15302
17616,15210
17213,15123
16965,15117
17020,15025
16937,14879
16983,14763
17138,13978
17034,13978
17210,13978
17120,13978
16662,13885
16066,13740
15998,13716
15858,13716
15443,13333
15319,13333
15366,13044
15020,13044
14729,12991
14668,12991
14397,12900
14282,12900
14056,12900
13912,12589
13551,12409
13623,12359
13532,12267
13532,12230
13348,12046
13320,12046
13100,11882
12728,11882
12962,11882
13166,11808
12854,11751
12766,11694
12584,11419
12523,11419
12459,11419
12704,11315
12667,11050
12333,11050
12280,11018
12162,11018
12569,10998
12404,10617
11971,10617
11815,10617
11699,10597
11585,10597
11610,10597
11556,10381
11507,10381
11392,10381
11246,10381
11381,10381
11259,10381
11095,10381
11045,10381
11004,10381
11088,10381
10957,10381
10843,10381
10888,10310
10800,10310
10912,10244
10905,10213
10916,10213
10990,10213
10974,10138
10981,10061
10745,10061
10653,10061
10564,10061
10597,10043
10437,9954
10520,9920
10531,9920
10436,9903
10604,9885
10467,9868
10505,9868
10564,9841
10420,9841
10272,9628
10320,9628
10441,9628
10443,9628
10301,9628
10583,9628
10592,9628
10526,9628
10376,9628
10271,9628
10248,9628
10195,9628
10180,9628
10192,9628
10270,9628
10134,9628
10355,9628
10171,9606
10110,9602
10160,9510
10364,9484
10173,9476
10237,9476
10210,9476
10243,9476
10299,9476
10304,9459
10321,9459
10455,9432
10298,9432
10280,9432
10261,9429
10048,9429
9957,9429
10019,9429
10043,9429
9886,9429
9973,9429
9843,9407
9975,9407
10048,9407
10042,9407
10059,9407
10123,9357
9985,9357
9864,9357
9828,9357
9859,9356
9879,9356
9835,9356
9857,9356
9841,9343
9816,9342
9805,9342
9778,9342
9847,9342
9754,9281
9751,9281
9789,9281
9903,9281
9773,9281
9750,9281
9747,9281
9730,9281
9760,9281
9838,9281
9656,9281
9651,9281
9756,9281
9844,9281
9714,9236
9714,9236
9718,9236
9817,9236
9783,9236
9753,9236
9706,9236
9706,9236
9748,9236
9691,9236
9683,9236
9638,9236
9634,9236
9711,9236
9664,9192
9721,9192
9624,9192
9673,9192
9697,9192
9632,9192
9676,9192
9696,9192
9715,9192
9765,9192
9697,9192
9722,9192
9647,9192
9733,9169
9688,9169
9637,9169
9696,9169
9702,9169
9667,9169
9619,9169
9566,9169
9672,9169
9644,9169
9609,9169
9659,9169
9572,9169
9692,9169
9601,9169
9606,9169
9586,9169
9641,9169
9575,9169
9649,9169
9687,9169
9672,9169
9781,9169
9602,9169
9790,9169
9783,9169
9901,9169
9919,9169
9891,9169
9803,9169
9732,9169
9776,9169
9777,9169
9654,9169
9727,9169
9657,9169
9641,9169
9679,9169
9817,9169
9711,9169
9680,9169
9646,9169
9691,9169
9693,9169
9685,9169
9685,9169
9602,9169
9565,9169
9562,9169
9633,9169
9650,9169
9673,9169
9648,9169
9732,9169
9789,9169
9679,9169
9784,9169
9743,9169
9598,9169
9600,9169
9730,9169
9636,9169
9659,9169
9649,9169
9639,9169
9648,9169
9625,9169
9676,9169
9718,9169
9649,9169
9657,9169
9642,9169
9692,9169
9720,9169
9774,9169
9663,9169
9659,9169
9712,9169
9834,9169
9648,9169
9621,9169
9680,9169
9723,9169
9662,9169
9667,9169
9716,9169
9631,9169
9712,9169
9693,9169
9698,9169
9720,9169
9675,9169
9678,9169
9778,9169
9652,9169
9605,9169
9616,9169
9744,9169
9710,9169
9682,9169
9711,9169
9681,9169
9665,9169
9647,9169
9636,9169
9731,9169
9702,9169
9678,9169
9740,9169
9676,9169
9636,9169
9773,9169
9757,9169
9719,9169
9848,9169
9716,9169
9712,9169
9643,9169
9645,9169
9736,9169
9754,9169
9649,9169
9672,9169
9746,9169
9714,9169
9644,9169
9711,9169
9816,9169
9672,9169
9620,9169
9687,9169
9661,9169
9657,9169
9737,9169
9642,9169
9686,9169
9644,9169
9713,9169
9657,9169
9674,9169
9639,9169
9651,9169
9728,9169
9595,9169
9632,9169
9653,9169
9694,9169
9663,9169
9636,9169
9667,9169
9599,9169
9700,9169
9665,9169
9659,9169
9781,9169
9672,9169
9739,9169
9594,9169
9673,9169
9705,9169
9665,9169
9608,9169
9627,9169
9734,9169
9674,9169
9738,9169
9591,9169
9684,9169
9685,9169
9648,9169
9615,9169
9799,9169
9646,9169
9649,9169
9635,9169
9657,9169
9641,9169
9641,9169
9782,9169
9656,9169
9706,9169
9713,9169
9598,9169
9616,9169
9666,9169
9686,9169
9733,9169
9705,9169
9630,9169
9699,9169
9648,9169
9645,9169
9642,9169
9833,9169
9773,9169
9644,9169
9709,9169
9679,9169
9721,9169
9641,9169
9704,9169
9643,9169
9647,9169
9678,9169
9748,9169
9677,9169
9697,9169
9697,9169
9640,9169
9794,9169
9628,9169
9676,9169
9628,9169
9663,9169
9727,9169
9652,9169
9604,9169
9683,9169
9733,9169
9672,9169
9730,9169
9699,9169
9670,9169
9667,9169
9571,9169
9647,9169
9683,9169
9705,9169
9728,9169
9728,9169
9597,9169
9614,9169
9656,9169
9707,9169
9660,9169
9683,9169
9766,9169
9732,9169
9770,9169
9663,9169
9644,9169
9727,9169
9636,9169
9782,9169
9728,9169
9731,9169
9871,9169
9930,9169
9920,9169
9917,9169
9889,9169
9937,9169
9844,9169
9754,9169
9710,9169
9706,9169
9707,9169
9728,9169
9536,9169
9627,9169
9806,9167
9812,9167
9740,9167
9589,9167
9606,9167
9690,9167
9650,9167
9810,9167
9775,9167
9709,9167
9740,9167
9686,9167
9676,9167
9782,9167
9667,9167
9699,9167
9631,9167
9699,9167
9674,9167
9745,9167
9754,9167
9660,9167
9696,9167
9617,9167
9732,9167
9670,9167
9679,9167
9706,9167
9816,9167
9741,9167
9687,9167
9581,9167
9558,9167
9650,9167
9657,9167
9609,9167
9644,9167
9673,9167
9717,9167
9746,9167
9684,9167
9643,9167
9810,9167
9779,9167
9787,9167
9790,9167
9881,9167
9909,9167
10169,9167
10082,9110
10055,9110
10114,9110
10190,9110
10022,9110
10001,9110
9982,9110
9814,9110
9668,9110
9606,9110
9749,9110
9679,9110
9857,9110
9842,9110
9852,9110
9727,9110
9656,9110
9723,9110
9692,9110
9578,9110
9754,9110
9716,9110
9727,9110
9639,9110
9716,9110
9665,9110
9762,9110
9680,9110
9619,9110
9706,9110
9716,9110
9700,9110
9770,9110
9740,9110
9643,9110
9720,9110
9614,9110
9607,9110
9762,9110
9740,9110
9751,9110
9797,9110
9815,9110
9764,9110
9750,9110
9745,9110
9605,9110
9691,9110
9718,9110
9640,9110
9710,9110
9609,9110
9673,9110
9641,9110
9621,9110
9604,9110
9569,9110
9703,9110
9702,9110
9646,9110
9647,9110
9651,9110
9628,9110
9559,9110
9636,9110
9611,9110
9705,9110
9624,9110
9711,9110
9661,9110
9722,9110
9621,9110
9611,9110
9631,9110
9692,9110
9546,9110
9673,9110
9734,9110
9747,9110
9665,9110
9708,9110
9651,9110
9641,9110
9626,9110
9663,9110
9672,9110
9606,9110
9618,9110
9620,9110
9675,9110
9628,9110
9643,9110
9711,9110
9722,9110
9748,9110
9896,9110
9642,9110
9544,9110
9642,9110
9658,9110
9627,9110
9729,9110
9710,9110
9683,9110
9663,9110
9718,9110
9756,9110
9687,9110
9622,9110
9733,9110
9697,9110
9765,9110
9723,9110
9747,9110
9705,9110
9615,9110
9674,9110
9678,9110
9568,9110
9623,9110
9652,9110
9730,9110
9750,9110
9775,9110
9621,9110
9736,9110
9721,9110
9684,9110
9768,9110
9718,9110
9615,9110
9681,9110
9760,9110
9692,9110
9712,9110
9776,9110
9826,9110
9909,9110
10054,9110
9891,9110
9938,9110
9952,9110
9893,9110
9941,9110
9935,9110
9845,9110
9926,9110
9926,9110
9894,9110
9877,9110
9868,9110
10031,9110
9913,9110
9750,9110
9782,9110
9831,9110
9751,9110
9715,9110
9964,9110
9720,9110
9683,9110
9653,9110
9623,9110
9594,9110
9763,9110
9736,9110
9686,9110
9678,9110
9780,9110
9626,9110
9700,9110
9721,9110
9680,9110
9724,9110
9752,9110
9711,9110
9704,9110
9728,9110
9656,9110
9569,9110
9624,9110
9749,9110
9749,9110
9745,9110
9687,9110
9597,9110
9631,9110
9679,9110
9778,9110
9582,9110
9628,9110
9693,9110
9669,9110
9770,9110
9763,9110
9715,9110
9738,9110
9867,9110
9902,9110
9881,9110
9846,9110
10031,9110
9995,9110
10004,9110
10026,9110
10024,9110
9986,9110
10106,9110
9971,9110
9847,9110
9989,9110
10295,9110
10223,9110
10313,9110
10248,9110
10059,9110
9975,9110
9799,9110
9813,9110
9632,9110
9649,9110
9601,9110
9526,9110
9584,9110
9652,9110
9608,9110
9665,9110
9700,9110
9643,9110
9768,9110
9617,9110
9625,9110
9585,9110
9588,9110
9539,9110
9613,9110
9656,9110
9647,9110
9560,9110
9640,9110
9697,9110
9678,9110
9573,9110
9623,9110
9544,9110
9613,9110
9623,9110
9629,9110
9614,9110
9599,9110
9565,9110
9617,9110
9550,9110
9599,9076
9586,9076
9655,9069
9570,9069
9637,9069
9550,9069
9604,9069
9569,9069
9460,9069
9494,9069
9503,9069
9588,9069
9534,9069
9513,9069
9497,9069
9546,9069
9463,9069
9535,9069
9603,9010
9488,9010
9599,9010
9549,9010
9515,9010
9539,9010
9511,9010
9492,9010
9430,9010
9452,9010
9492,9010
9496,9010
9439,9010
9419,9010
9449,9010
9571,9010
9589,9010
9451,9010
9413,9010
9406,9010
9415,9010
9371,9010
9430,9010
9340,9010
9392,9010
9520,9010
9456,9010
9545,8873
9451,8873
9469,8873
9505,8873
9540,8873
9406,8873
9454,8873
9468,8873
9596,8873
9505,8873
9521,8873
9452,8873
9468,8873
9484,8873
9508,8873
9344,8873
9403,8873
9426,8873
9424,8873
9372,8873
9351,8873
9336,8873
9354,8873
9317,8873
9327,8873
9319,8873
9356,8873
9507,8873
9465,8873
9352,8873
9332,8873
9297,8873
9344,8873
9315,8873
9268,8873
9372,8873
9321,8873
9393,8873
9369,8873
9340,8873
9378,8873
9327,8873
9310,8873
9365,8873
9362,8873
9258,8873
9306,8873
9324,8873
9361,8873
9205,8873
9336,8873
9273,8873
9392,8873
9301,8873
9406,8873
9314,8873
9385,8873
9301,8873
9306,8873
9414,8873
9301,8873
9382,8873
9352,8873
9371,8873
9284,8873
9403,8873
9312,8873
9259,8873
9293,8873
9382,8873
9321,8873
9356,8873
9293,8873
9278,8873
9340,8873
9322,8873
9438,8873
9306,8873
9337,8873
9273,8873
9327,8873
9307,8873
9313,8873
9330,8873
9291,8873
9357,8873
9287,8873
9317,8873
9378,8873
9348,8873
9280,8873
9419,8873
9338,8873
9346,8873
9328,8873
9367,8873
9357,8873
9314,8873
9391,8873
9367,8873
9360,8873
9358,8873
9389,8873
9389,8873
9345,8873
9389,8873
9302,8873
9271,8873
9344,8873
9362,8873
9246,8873
9333,8873
9379,8873
9342,8873
9418,8873
9401,8873
9348,8873
9354,8873
9348,8873
9288,8873
9372,8873
9318,8873
9364,8873
9344,8873
9357,8873
9371,8873
9286,8873
9409,8873
9346,8873
9295,8873
9290,8873
9250,8873
9255,8873
9297,8873
9314,8873
