averageFitness,bestFitness
30591,25836
29474,24872
28711,24074
28226,24074
27610,23878
27325,23525
27310,22853
27075,22555
26900,22543
26239,20507
25862,20507
25144,20507
24826,20255
24079,20255
23582,20169
22860,19679
22377,18894
21655,18658
20969,18237
20850,18237
20524,17858
20343,17464
19861,17351
19754,17186
19550,17186
19395,17043
18917,16051
18543,15853
18038,15853
17579,15805
17250,15805
16867,15327
16585,15259
16141,14883
15755,14570
15821,14570
15512,14358
15382,14234
15035,14234
14901,14085
14647,14085
14569,13963
14336,13963
14197,13783
14082,13757
14008,13725
14078,13725
14062,13720
13871,13719
13752,13717
13770,13717
13741,13717
13744,13717
13728,13717
13720,13717
13717,13712
14028,13712
14145,13712
14220,13712
13968,13712
13928,13712
13806,13712
14228,13712
14622,13712
14109,13712
13792,13712
13726,13712
13720,13712
13717,13712
13723,13712
13720,13712
13730,13712
13722,13712
13717,13712
13717,13712
13717,13712
13717,13712
13728,13640
13786,13640
13730,13640
13727,13640
13905,13640
13717,13640
13723,13640
13721,13640
13724,13640
13722,13640
13727,13640
13722,13640
13716,13598
13848,13598
14058,13598
13934,13598
14256,13598
14342,13598
14194,13598
14034,13598
14194,13598
14175,13598
14512,13598
14452,13598
14594,13598
14481,13598
13826,13598
13598,13598
13598,13598
13598,13598
13612,13598
13600,13551
13735,13551
13773,13551
13598,13551
13607,13551
13608,13551
13602,13551
13612,13551
13597,13526
13774,13526
13714,13466
13735,13466
13655,13466
13776,13456
13767,13266
13722,12973
13633,12957
13519,12915
13426,12915
13161,12915
13197,12915
13048,12915
12934,12915
12920,12915
12920,12915
12917,12818
12950,12818
13091,12818
13026,12818
13237,12818
13299,12818
13570,12818
13599,12818
14007,12818
14161,12818
13987,12818
12884,12796
12818,12796
12815,12796
12819,12796
12802,12796
12800,12796
12808,12796
12822,12796
12796,12796
12807,12796
12796,12796
12808,12796
12796,12613
12862,12613
13040,12613
13110,12613
13193,12613
13368,12613
13331,12572
12768,12539
12637,12539
12676,12539
12630,12539
12615,12539
12550,12539
12547,12539
12539,12539
12547,12539
12553,12539
12541,12539
12540,12539
12544,12539
12539,12539
12539,12539
12543,12403
12572,12403
12539,12403
12544,12403
12540,12403
12549,12403
12539,12403
12542,12403
12539,12403
12541,12403
12547,12403
12539,12403
12539,12403
12546,12403
12539,12403
12542,12403
12547,12403
12549,12403
12552,12403
12539,12403
12550,12403
12540,12403
12553,12403
12539,12403
12539,12403
12556,12403
12545,12403
12540,12403
12539,12403
12539,12403
12539,12403
12545,12403
12539,12403
12546,12343
12579,12343
12540,12343
12539,12343
12541,12343
12545,12343
12612,12343
12717,12343
12747,12343
12539,12343
12539,12343
12540,12343
12540,12343
12539,12343
12539,12343
12545,12343
12547,12343
12547,12343
12544,12343
12565,12343
12540,12343
12539,12343
12538,12343
12958,12343
13216,12343
13609,12343
13858,12343
14193,12343
13222,12343
12494,12343
12495,12343
12507,12343
12494,12343
12547,12343
12490,12343
12494,12343
12468,12343
12472,12343
12448,12343
12455,12343
12458,12343
12448,12343
12456,12343
12455,12343
12448,12343
12448,12343
12460,12343
12454,12343
12448,12343
12468,12343
12448,12343
12448,12343
12467,12343
12451,12343
12468,12343
12448,12343
12448,12343
12463,12343
12450,12343
12448,12343
12464,12343
12454,12343
12448,12343
12462,12343
12451,12343
12479,12194
12572,12194
12892,12194
13163,12194
13256,12194
12803,12194
12996,12194
13452,12194
13474,12194
13040,12194
12236,12194
12203,12194
12197,12194
12194,12194
12208,12194
12203,12194
12194,12194
12203,12194
12194,12194
12194,12194
12194,12194
12194,12194
12216,12194
12207,12194
12194,12194
12194,12194
12208,12194
12195,12150
12411,12150
12411,12150
12194,12150
12201,12150
12203,12150
12201,12150
12194,12150
12200,12150
12194,12150
12208,12150
12195,12150
12194,12150
12210,12150
12213,12150
12194,12150
12226,12150
12195,12145
12401,12145
13567,12145
13614,12145
12952,12145
14431,12145
13967,12145
14573,12145
15098,12145
14977,12145
12859,12145
12149,12145
12147,12145
12157,12145
12143,11859
12421,11859
12609,11859
12443,11859
12578,11859
12445,11859
12268,11859
12271,11859
12340,11859
12152,11859
12145,11859
12145,11859
12159,11859
12179,11844
12719,11844
13373,11844
13300,11844
13770,11844
13794,11844
13195,11844
13472,11844
14006,11844
14206,11844
12269,11844
11861,11844
11844,11844
11858,11844
11847,11844
11854,11844
11856,11844
11860,11844
11850,11844
11844,11844
11846,11844
11847,11844
11855,11844
11844,11844
11844,11844
11851,11844
11858,11844
11851,11844
11845,11844
11843,11824
11846,11824
11847,11759
11854,11759
11822,11753
11786,11753
11773,11753
11760,11753
11768,11753
11753,11753
11753,11753
11756,11753
11765,11753
11753,11753
11753,11753
11761,11753
11753,11753
11766,11753
11755,11753
11764,11753
11753,11753
11753,11753
11753,11753
11767,11753
11753,11753
11764,11753
11753,11753
11755,11753
11755,11753
11753,11753
11759,11753
11753,11753
11758,11753
11753,11753
11761,11753
11760,11753
11758,11753
11753,11753
11753,11753
11760,11753
11753,11753
11766,11753
11755,11753
11759,11753
11757,11753
11755,11753
11753,11753
11753,11753
11776,11753
11753,11753
11760,11753
11767,11753
11766,11753
11753,11753
11755,11753
11762,11753
11753,11753
11773,11753
11763,11753
11760,11753
11774,11753
11753,11753
11753,11753
11754,11753
11753,11753
11767,11753
11761,11753
11769,11753
11753,11753
11753,11753
11759,11608
12503,11608
12331,11608
12849,11608
13842,11608
13402,11608
15043,11608
15492,11608
14341,11608
11614,11608
11612,11608
11617,11608
11608,11608
11612,11608
11608,11608
11608,11608
11626,11608
11623,11608
11619,11608
11622,11608
11608,11608
11608,11608
11621,11608
11608,11608
11622,11608
11611,11608
11621,11608
11608,11608
11631,11608
11611,11608
11614,11608
11621,11608
11624,11608
11615,11608
11612,11608
11608,11608
11617,11589
11658,11589
11623,11589
11675,11589
11727,11589
11705,11589
11770,11589
11760,11589
11699,11224
12076,11224
11967,11224
11977,11224
11664,11224
11595,11224
11589,11224
11593,11224
11589,11224
11614,11224
11589,11224
11591,11224
11589,11224
11591,11224
11589,11224
11588,11224
11681,11224
11930,11224
11597,11224
11596,11224
11590,11224
11590,11224
11598,11224
11597,11224
11605,11224
11601,11224
11588,11224
11821,11224
11715,11224
11589,11224
11595,11224
11598,11224
11589,11224
11610,11224
11618,11224
11602,11224
11606,11224
11589,11224
11589,11224
11597,11224
11589,11224
11593,11224
11607,11224
11600,11224
11604,11224
11590,11224
11601,11224
11604,11224
11602,11224
11598,11224
11589,11224
11596,11224
11590,11224
11598,11224
11597,11224
11595,11224
11540,11224
11520,11224
11527,11224
11533,11224
11533,11224
11526,11224
11520,11224
11519,11224
11683,11224
11697,11224
11849,11224
12026,11224
12512,11224
13090,11224
13375,11224
12406,11224
11508,11224
11514,11224
11507,11224
11515,11224
11512,11224
11510,11224
11526,11224
11509,11224
11507,11224
11540,11224
11506,11224
11945,11224
11756,11224
11794,11224
11876,11224
11510,11224
11507,11224
11512,11224
11510,11224
11507,11224
11507,11224
11507,11224
11522,11224
11507,11224
11509,11224
11517,11224
11517,11224
11512,11224
11508,11224
11512,11224
11511,11224
11507,11224
11510,11224
11526,11224
11507,11224
11507,11224
11515,11224
11511,11224
11524,11224
11509,11224
11516,11224
11507,11224
11507,11224
11527,11224
11527,11224
11507,11224
11512,11224
11516,11224
11507,11224
11522,11224
12227,11224
12494,11224
12827,11224
15007,11224
14396,11224
14576,11224
11624,11224
11488,11224
11486,11224
11501,11224
11498,11224
11498,11224
11491,11224
11486,11224
11490,11224
11491,11224
11500,11224
11494,11224
11492,11224
11504,11224
11486,11224
11486,11224
11486,11224
11486,11224
11502,11224
11486,11224
11498,11224
11486,11224
11488,11224
11633,11224
11706,11224
11486,11224
11491,11224
11487,11224
11488,11224
11486,11224
11486,11224
11503,11224
11495,11224
11486,11224
11499,11224
11488,11224
11498,11224
11498,11224
11497,11224
11495,11224
11486,11224
11486,11224
11492,11224
11488,11224
11486,11224
11486,11224
11486,11224
11489,11224
11486,11224
11491,11224
11496,11224
11485,11224
11506,11224
11491,11224
11493,11224
11501,11224
11486,11224
11486,11224
11489,11224
11497,11224
11485,11224
11493,11224
11492,11224
11492,11224
11484,11224
11473,11224
11722,11224
11488,11224
11483,11224
11472,11224
11482,11224
11473,11224
11472,11224
11475,11224
11616,11224
11679,11224
11833,11224
11789,11224
11649,11224
11651,11224
11499,11224
11322,11224
11289,11224
11288,11224
11281,11224
11282,11224
11293,11224
11315,11224
11281,11224
11288,11224
11288,11224
11304,11224
11281,11224
11281,11224
11286,11224
11281,11224
11281,11224
11281,11224
11289,11224
11288,11224
11282,11224
11289,11224
11287,11224
11286,11224
11287,11224
11284,11224
11281,11224
11281,11224
11281,11224
11297,11224
11281,11224
11285,11224
11281,11224
11289,11224
11319,11224
11287,11224
11281,11224
11281,11224
11291,11224
11283,11224
11281,11224
11281,11224
11287,11224
11281,11224
11287,11224
11292,11224
11288,11224
11281,11224
11296,11224
11281,11224
11283,11224
11291,11224
11281,11224
11293,11224
11295,11224
11304,11224
11285,11224
11289,10966
11555,10966
11669,10966
11455,10966
11295,10966
11281,10966
11298,10966
11297,10966
11305,10966
11283,10966
11281,10966
11281,10966
11281,10966
11281,10966
11294,10966
11284,10966
11285,10966
11281,10966
11289,10966
11434,10966
11281,10966
11287,10966
11303,10966
11295,10966
11298,10966
11300,10966
11292,10966
11294,10966
11285,10966
11284,10966
11301,10966
11281,10966
11285,10966
11294,10966
11290,10966
11281,10966
11281,10966
11294,10966
11294,10966
11295,10966
11284,10966
11285,10966
11286,10966
11281,10966
11283,10966
11297,10966
11281,10966
11282,10966
11286,10966
11281,10966
11297,10966
11288,10966
11281,10966
11279,10966
11278,10966
11263,10966
11252,10966
11254,10966
11244,10966
11255,10966
11244,10966
11251,10966
11244,10966
11251,10966
11247,10966
11265,10966
11247,10966
11246,10966
11257,10966
11243,10966
11252,10966
11291,10966
11292,10966
11319,10966
11237,10966
11239,10966
11194,10966
11194,10966
11184,10966
11188,10966
11183,10966
11185,10966
11182,10966
11179,10966
11179,10966
11176,10966
11176,10966
11180,10966
11176,10966
11183,10966
11176,10966
11180,10966
11184,10966
11176,10966
11176,10966
11181,10966
11195,10966
11206,10966
11176,10966
11189,10966
11190,10966
11193,10966
11180,10966
11177,10966
11180,10966
11185,10966
11182,10966
11543,10966
11492,10966
11649,10966
12309,10966
12731,10966
12546,10966
12497,10966
11267,10966
11075,10966
11076,10966
11076,10945
11125,10945
11073,10945
11073,10945
11073,10945
11081,10945
11073,10945
11080,10945
11073,10945
11080,10945
11075,10945
11073,10945
11073,10945
11073,10945
11091,10945
11084,10945
11079,10945
11073,10945
11091,10945
11073,10945
11082,10945
11084,10945
11073,10945
11084,10945
11079,10945
11076,10945
11080,10945
11074,10945
11073,10945
11073,10945
11073,10945
11073,10945
11081,10945
11072,10945
11076,10945
11090,10945
11063,10945
11052,10945
11063,10945
11048,10945
11058,10945
11048,10945
11053,10945
11055,10945
11056,10945
11051,10945
11052,10945
11051,10945
11056,10945
11051,10945
11048,10945
11059,10945
11052,10945
11051,10945
11043,10923
11016,10923
10961,10923
10939,10923
10934,10923
10923,10923
10923,10923
10943,10923
10923,10923
10923,10923
10923,10923
10923,10923
10938,10923
10923,10923
10923,10923
10932,10923
10923,10923
10933,10923
10942,10923
10923,10923
10943,10923
10924,10923
10935,10923
10924,10923
10927,10923
10927,10923
10926,10923
10924,10923
10927,10923
10927,10923
10927,10923
10924,10923
10923,10923
10923,10923
10923,10923
10923,10923
10928,10923
10923,10923
10923,10923
10928,10923
10923,10923
10926,10923
10953,10923
10939,10923
10923,10923
10923,10923
10933,10855
11439,10855
11068,10855
11877,10855
11535,10855
11801,10855
11993,10855
12311,10855
12879,10855
14380,10855
15191,10855
13604,10855
10855,10855
10869,10855
10859,10855
10876,10855
10855,10855
10858,10855
10859,10855
10855,10855
10855,10855
10855,10855
10862,10855
10861,10855
10869,10855
10859,10855
10868,10855
10856,10855
10866,10855
