averageFitness,bestFitness
30624,26502
29675,24927
29197,24927
29157,24091
29367,23651
29207,23651
29200,23651
29057,23651
29224,23651
29359,23651
28886,23651
28883,23651
28778,23651
28674,23651
28684,23651
28762,23651
28306,23651
28167,23335
27606,22528
27240,21807
26475,21807
26149,21807
25905,21807
25349,21086
25012,21086
24719,20691
24130,19580
23910,19010
23192,19010
22986,19010
22546,17681
22227,17681
22044,17681
21222,17681
20825,17681
20617,17355
20809,17355
20447,17233
19917,17005
19262,16643
19366,16643
19020,15750
19136,15750
19164,15750
18492,15750
18746,15750
18241,15306
18222,15306
18371,15306
18241,15113
18061,15113
17767,14117
17511,13792
17874,13792
17357,13792
17457,13792
17145,13792
17283,13792
17181,13792
17182,13792
17126,13792
16836,13713
16658,13713
16780,13713
16353,13713
16403,13713
16475,13713
17009,13604
16568,13604
16571,13391
16868,13391
16931,13391
17197,13391
17093,13391
16755,13391
16411,13391
16833,13391
17317,13391
17402,13391
16354,13391
16379,13391
16496,13391
16222,13391
16145,13391
16558,13391
16053,13391
15822,13183
15862,13183
15560,13066
15992,13066
15732,12977
16511,12623
15359,12580
15184,12580
15240,12580
14885,12580
14595,12580
14442,12157
15103,12157
14536,12157
14792,12157
15285,12157
15712,12157
15007,12157
15292,12042
15365,12042
15414,12042
15023,12042
14935,12042
14935,12042
14801,11771
14739,11771
14538,11771
14415,11771
14285,11771
14415,11704
14430,11704
14048,11704
14385,11629
14781,11629
14813,11485
14111,11469
13485,11408
14084,11408
14412,11318
13359,10874
13263,10776
13354,10282
13436,10282
12970,10282
12674,10282
11960,9746
12504,9746
11940,9746
11382,9746
11188,9746
11364,9746
11422,9746
11510,9746
10999,9746
11124,9729
10765,9632
10570,9632
10470,9575
10456,9575
10663,9553
10558,9438
10316,9438
10182,9378
10245,9378
10532,9378
10114,9310
9993,9310
9932,9310
10083,9310
10273,9310
10193,9280
10206,9252
10104,9216
10065,9216
9982,9213
9957,9204
9980,9198
9882,9198
9967,9197
9833,9129
9885,9129
9980,9129
9735,9129
9886,9129
9727,9129
9722,9084
9699,9084
9581,9067
9758,9067
9718,9067
9681,9067
9689,9067
9875,9067
9661,9067
9619,9067
9722,9067
9802,9067
9679,8975
9854,8975
9839,8975
9661,8975
9658,8975
9645,8975
9562,8975
9697,8975
9703,8975
9791,8975
9533,8975
9629,8975
9887,8975
9729,8878
9644,8878
9776,8878
9575,8878
9565,8878
9650,8878
9540,8878
9723,8878
9598,8878
9567,8878
9646,8878
9646,8878
9511,8878
9567,8878
9684,8878
9904,8878
10686,8878
9561,8878
9540,8878
9617,8878
9668,8878
9497,8878
9536,8878
9601,8878
9894,8878
9701,8878
9618,8878
9624,8878
9553,8878
9574,8878
9659,8878
9483,8878
9459,8878
9647,8878
9619,8878
10149,8878
9670,8878
9631,8878
9641,8878
9516,8878
9611,8878
10057,8878
9874,8878
9817,8878
9694,8878
9748,8878
9715,8878
9968,8878
9569,8878
9673,8878
9606,8878
9764,8878
9625,8878
9584,8878
9584,8878
9533,8878
9597,8878
9553,8878
9644,8878
9617,8878
9442,8878
9579,8878
9525,8878
9655,8878
9785,8878
9689,8878
10146,8878
9664,8878
9646,8878
9475,8878
9574,8878
9544,8878
9462,8878
9562,8878
9747,8878
9703,8878
9613,8878
10146,8878
9796,8878
9665,8878
9717,8878
9542,8878
9478,8878
9490,8878
9512,8878
9570,8878
9581,8878
9457,8878
9488,8878
9606,8878
9618,8878
9549,8878
9561,8878
9646,8878
9629,8878
9582,8878
9502,8878
9536,8878
9586,8878
9610,8878
9703,8878
9537,8878
9588,8878
9704,8878
9872,8878
9562,8878
9517,8878
9534,8878
9587,8878
9468,8878
9586,8878
9532,8878
9499,8878
9529,8878
9564,8878
9618,8878
9648,8878
9675,8878
9611,8878
9515,8878
9590,8878
9613,8878
9511,8878
9698,8878
9565,8878
9537,8878
9486,8878
9650,8878
9788,8878
9557,8878
9642,8878
10366,8878
9841,8878
11144,8878
10693,8878
9808,8878
9477,8878
9754,8878
9938,8878
9942,8878
9722,8878
9617,8878
9593,8878
9543,8878
9673,8878
9608,8878
9622,8878
9708,8878
9662,8878
9588,8878
9641,8878
9620,8878
9610,8878
10066,8878
9782,8878
9655,8878
9613,8878
9564,8878
9631,8878
9671,8878
9741,8878
9822,8878
9765,8878
9647,8878
9580,8878
9670,8878
9629,8878
9753,8878
9673,8878
9644,8878
9581,8878
9515,8878
9623,8878
9613,8878
9563,8878
9544,8878
9620,8878
9614,8878
9597,8878
9726,8878
9735,8878
9632,8878
9641,8878
9736,8878
9714,8878
9587,8878
9701,8878
9783,8878
9587,8878
9765,8878
9863,8878
9902,8878
9663,8878
9523,8878
9586,8878
9564,8878
9700,8878
9707,8878
9679,8878
9674,8878
9576,8878
9605,8878
9495,8878
9538,8878
9600,8878
9815,8878
9608,8878
9621,8878
9774,8878
9549,8878
9780,8878
9793,8878
9830,8878
9725,8878
9839,8878
9988,8878
9636,8878
9711,8878
9860,8878
9776,8878
9785,8878
9563,8878
9720,8878
9752,8878
9731,8878
9685,8878
9727,8878
10177,8878
9458,8878
9608,8878
9538,8878
9612,8878
9635,8878
9734,8878
9684,8878
9502,8878
9620,8878
9593,8878
9563,8878
9818,8878
9570,8878
9529,8878
9676,8878
9644,8878
9665,8878
9560,8878
9487,8878
9463,8878
9532,8878
9439,8878
9566,8878
9486,8878
9406,8878
9525,8878
9494,8878
9516,8878
9597,8878
9821,8878
9633,8878
9747,8878
9665,8878
9533,8878
9642,8878
9708,8878
9625,8878
9706,8878
9777,8878
9901,8878
9654,8878
9765,8878
9694,8878
9545,8878
9660,8878
9698,8878
9526,8878
9481,8878
10147,8878
9470,8878
9556,8878
9662,8878
9602,8878
9533,8878
9547,8878
9531,8878
9740,8878
9726,8878
9638,8878
9520,8878
9581,8878
9538,8878
9682,8878
9733,8878
9595,8878
9684,8878
9719,8878
9951,8878
9770,8878
9653,8878
9707,8878
9527,8878
9546,8878
9563,8878
9546,8878
9535,8878
9468,8878
9473,8878
10020,8878
9444,8878
9536,8878
9645,8878
9595,8878
9540,8878
9598,8878
9477,8878
9509,8878
9687,8878
9615,8878
9573,8878
9655,8878
9674,8878
9603,8878
9605,8878
9607,8878
9558,8878
9564,8878
9509,8878
9559,8878
9485,8878
9582,8878
9621,8878
9738,8878
9697,8878
9750,8878
9793,8878
9812,8878
9602,8878
9667,8878
9601,8878
9496,8878
9411,8878
9505,8878
9558,8878
9635,8878
9553,8878
9629,8878
9620,8878
9563,8878
9651,8878
9576,8878
9623,8878
9752,8878
9621,8878
9627,8878
9672,8878
9545,8878
9616,8878
9531,8878
9559,8878
9586,8878
9597,8878
9690,8878
9564,8878
9468,8878
9503,8878
9578,8878
9510,8878
10231,8878
9658,8878
9595,8878
9545,8878
9475,8878
9539,8878
9575,8878
9703,8878
9655,8878
9626,8878
9567,8878
9604,8878
9644,8878
9605,8878
9638,8878
9803,8878
9473,8878
9580,8878
9566,8878
9568,8878
9710,8878
9588,8878
9977,8878
9527,8878
9488,8878
9504,8878
9587,8878
9710,8878
9579,8878
9623,8878
9757,8878
9793,8878
9974,8878
9643,8878
9604,8878
9801,8878
9481,8878
9918,8878
9571,8878
9587,8878
9506,8878
9601,8878
9543,8878
10310,8878
9732,8878
9678,8878
9540,8878
9530,8878
9519,8878
9452,8878
9560,8878
9744,8878
9510,8878
9596,8878
9703,8878
9648,8878
9782,8878
9640,8878
9529,8878
9637,8878
9743,8878
9619,8878
9655,8878
9519,8878
9578,8878
9508,8878
9851,8878
9891,8878
9440,8878
9548,8878
9745,8878
9772,8878
9620,8878
9842,8878
9602,8878
9559,8878
9460,8878
9463,8878
9559,8878
9600,8878
9548,8878
9727,8878
9555,8878
9617,8878
9613,8878
9522,8878
9798,8878
9583,8878
9649,8878
9537,8878
9612,8878
10024,8878
9606,8878
9607,8878
9679,8878
9736,8878
9625,8878
9561,8878
9500,8878
9556,8878
9705,8878
9610,8878
9643,8878
9655,8878
9778,8878
9572,8878
9513,8878
9572,8878
9605,8878
9633,8878
9535,8878
9573,8878
9562,8878
9713,8878
9584,8878
9532,8878
9543,8878
10244,8878
9629,8878
9685,8878
9610,8878
9624,8878
9731,8878
9708,8878
9760,8878
9641,8878
9602,8878
9608,8878
9538,8878
9739,8878
10698,8878
9609,8878
9585,8878
9638,8878
9631,8878
9616,8878
9660,8878
9585,8878
9902,8878
9570,8878
9742,8878
9651,8878
9548,8878
9703,8878
9989,8878
9977,8878
9985,8878
10024,8878
9670,8878
9531,8878
9640,8878
9721,8878
9574,8878
9588,8878
9598,8878
9625,8878
9995,8878
9499,8878
9534,8878
9584,8878
9607,8878
9672,8878
9613,8878
9581,8878
9851,8878
9888,8878
9678,8878
9616,8878
9780,8878
9629,8878
9794,8878
9811,8878
9623,8878
9503,8878
9637,8878
9798,8878
9955,8878
9852,8878
9898,8878
9656,8878
9790,8878
9731,8878
9697,8878
9593,8878
9578,8878
9518,8878
9665,8878
9567,8878
9500,8878
9603,8878
9607,8878
9662,8878
9566,8878
9637,8878
9602,8878
9627,8878
9526,8878
9501,8878
9591,8878
10046,8878
10142,8878
9743,8878
9555,8878
9583,8878
9758,8878
9470,8878
9612,8878
9694,8878
9665,8878
9681,8878
9662,8878
9678,8878
9531,8878
9617,8878
9728,8878
9620,8878
9558,8878
9523,8878
9458,8878
9685,8878
9564,8878
9591,8878
9562,8878
9650,8878
9628,8878
9531,8878
9527,8878
9632,8878
9659,8878
9576,8878
9754,8878
9711,8878
9602,8878
9703,8878
9676,8878
9597,8878
9494,8878
9530,8878
9575,8878
9639,8878
9682,8878
9567,8878
9751,8878
9637,8878
9704,8878
9787,8878
9527,8878
9533,8878
9647,8878
10056,8878
9636,8878
9618,8878
9707,8878
9674,8878
9831,8878
9643,8878
9628,8878
9687,8878
9531,8878
9620,8878
9546,8878
9965,8878
9631,8878
9675,8878
9684,8878
9622,8878
9554,8878
9561,8878
9575,8878
9589,8878
9562,8878
9557,8878
9759,8878
9764,8878
9707,8878
9680,8878
9493,8878
9683,8878
9673,8878
9643,8878
9502,8878
9508,8878
9494,8878
9562,8878
9485,8878
9850,8878
9635,8878
9519,8878
9544,8878
9559,8878
9574,8878
9869,8878
10195,8878
9752,8878
9634,8878
9737,8878
9570,8878
9849,8878
9641,8878
9561,8878
9477,8878
9476,8878
9476,8878
9542,8878
9435,8878
9672,8878
9526,8878
9601,8878
9696,8878
9584,8878
9553,8878
9583,8878
9543,8878
9588,8878
9637,8878
9730,8878
9611,8878
9529,8878
9483,8878
9518,8878
9525,8878
9583,8878
9593,8878
9608,8878
9626,8878
9553,8878
9617,8878
10059,8878
9545,8878
9595,8878
9657,8878
9578,8878
9707,8878
9926,8878
9531,8878
9522,8878
9452,8878
9595,8878
9664,8878
9642,8878
9547,8878
9600,8878
9691,8878
9565,8878
9588,8878
9572,8878
9645,8878
9530,8878
9511,8878
9509,8878
9495,8878
9620,8878
9507,8878
9794,8878
9763,8878
9510,8878
9596,8878
9471,8878
9491,8878
9701,8878
9578,8878
9652,8878
9525,8878
9633,8878
9687,8878
9599,8878
9579,8878
9737,8878
9696,8878
9456,8878
9717,8878
9694,8878
9661,8878
9587,8878
9571,8878
9600,8878
9669,8878
9622,8878
9502,8878
9539,8878
9601,8878
9550,8878
9651,8878
9563,8878
9585,8878
9583,8878
9582,8878
9647,8878
9758,8878
9763,8878
9784,8878
9594,8878
9565,8878
9765,8878
9661,8878
9526,8878
9645,8878
9649,8878
9706,8878
9530,8878
9591,8878
9621,8878
9693,8878
9755,8878
9846,8878
9650,8878
9585,8878
9450,8878
9628,8878
9527,8878
9593,8878
9561,8878
9548,8878
9575,8878
9686,8878
9673,8878
9570,8878
9622,8878
10126,8878
9555,8878
9593,8878
9674,8878
9709,8878
9738,8878
9703,8878
9836,8878
9706,8878
9586,8878
9607,8878
9624,8878
9572,8878
9471,8878
9496,8878
9662,8878
9701,8878
9824,8878
9973,8878
9631,8878
9692,8878
