averageFitness,bestFitness
30552,25211
29954,25211
29356,24900
29347,24900
28824,23543
28877,23543
28887,23313
28787,23313
28681,23313
28697,23313
28869,23313
28744,23313
28378,23313
28216,23313
27641,22665
27428,22665
27072,21820
26950,21820
26485,21820
26706,21820
26694,21820
26549,21820
26267,21820
25756,21597
25368,21597
25411,20756
25239,20756
25511,20663
25547,20663
25290,20224
24926,20224
25338,20224
24965,19965
24929,19806
24714,19806
24716,19806
24870,19806
24723,19309
24414,19309
24817,19309
24896,19309
24679,19309
24520,19309
24642,19309
25407,19309
25167,19309
25133,19309
25086,19309
24785,19309
24605,19309
24317,19309
24024,19309
23765,19309
23362,19309
23596,19062
23359,19062
23084,18296
22912,18286
22886,18286
23222,18286
22919,18286
22938,18286
22845,18156
22385,18156
22893,18156
22858,18156
22877,18156
22371,18156
22250,18135
21940,18135
21844,17790
21808,17790
21913,17790
21768,17790
22447,17764
21715,17598
21985,17543
22289,17543
22933,17543
23089,17543
22775,17543
22632,17543
22237,17543
22476,17543
22378,17543
22363,17543
22616,17543
22659,17543
22640,17543
22497,17543
22509,17187
21839,16597
21960,16253
21621,16253
21656,16253
21933,16253
21789,16253
21407,16253
21861,16253
21583,16253
21404,16253
21393,16253
21225,16253
20961,16253
21225,16253
20980,16253
20694,16253
20659,16253
20999,16253
20806,16253
21012,16253
21178,16253
21065,16253
21171,16253
21098,16253
21187,16253
21324,16253
20924,16253
21355,16253
21638,16253
21341,16253
21545,16253
21719,16253
21997,16253
22578,16253
22911,16253
22799,16253
22300,16253
22217,16253
21923,16253
22189,16253
22042,16253
22052,16253
21819,16253
21280,16253
21148,16253
21121,16253
20974,16216
20476,16216
20066,16216
20251,16216
20397,16174
20522,16174
20314,16174
20921,16174
21055,16174
21400,16174
21220,16174
21117,16174
21504,16174
21211,16174
21176,16174
21196,16174
20971,16174
21226,15959
21421,15959
21184,15959
21458,15959
21122,15959
21059,15959
20955,15959
21048,15959
20885,15959
21122,15959
22286,15959
22341,15959
21899,15959
21833,15959
22199,15959
22352,15959
22068,15959
22190,15959
22070,15959
21815,15959
21826,15959
21577,15959
21624,15959
22056,15959
21952,15959
21809,15959
22089,15959
21871,15959
21837,15959
22034,15959
21843,15959
21673,15959
21673,15959
21393,15959
21245,15959
20876,15959
20686,15959
20757,15959
21242,15959
21037,15959
21324,15959
21258,15959
20860,15959
20935,15959
21146,15959
20692,15959
20703,15959
20326,15959
20118,15959
20148,15959
20270,15959
19996,15959
19886,15959
19912,15959
19761,15959
20071,15959
19748,15959
19581,15959
19915,15959
20212,15959
19849,15959
19843,14888
19804,14888
19674,14888
19868,14888
20321,14888
19927,14888
20173,14888
20915,14888
20517,14888
20487,14888
20962,14888
20814,14888
20576,14888
20662,14888
20771,14888
20802,14888
20535,14888
19954,14888
19738,14888
19438,14888
19718,14888
19807,14888
19715,14888
19849,14888
19583,14888
19748,14888
19750,14870
19441,14870
19494,14870
19146,14870
19024,14870
18853,14870
18508,14870
18627,14870
18825,14870
19317,14870
18772,14551
18696,14551
19122,14551
19044,14551
19142,14551
18736,14551
19083,14551
18807,14551
18729,14551
19133,14336
19158,14336
19074,14336
19240,14336
19056,14336
19113,14336
19256,14336
18915,14336
18371,14336
18578,14336
19125,14336
19609,14336
20119,14336
20018,14336
19762,14336
20178,14336
20079,14336
19724,14336
19532,14336
19294,14336
19001,14336
18616,14336
18326,14336
19060,14336
18302,14308
18819,14308
19319,13709
18571,13709
19053,13709
19055,13709
18823,13709
19487,13709
19579,13709
19526,13709
19591,13709
19157,13709
19365,13709
19431,13709
19490,13709
19205,13709
18742,13709
19013,13709
19488,13709
19156,13709
19453,13709
19911,13709
19279,13709
18829,13709
19269,13709
19011,13709
18734,13709
18515,13709
18243,13709
18669,13709
18881,13709
18489,13709
18669,13709
18355,13709
18270,13709
17969,13709
18231,13709
18496,13709
18252,13709
18442,13485
18069,13485
17903,13485
17840,13485
17842,13485
17529,13485
17227,13485
17655,13333
17446,13333
17495,13333
17866,13333
17826,13333
17438,13333
17924,13263
17715,13263
17853,13263
17720,13263
17205,13263
17496,13263
17281,13263
16941,13263
17349,13263
17052,13263
17445,13263
17424,13263
17344,13263
16905,13263
17737,13263
17385,13263
17295,13263
17345,13263
17463,13263
17358,13263
17134,13263
18183,13263
18025,13263
18676,13263
18047,13263
18210,13263
19028,13263
18840,13263
18666,13263
18519,13263
18414,13263
18342,13263
18154,13263
18403,13263
18556,13263
18732,13263
19051,13263
18797,13263
18603,13263
18468,13263
18556,13263
18790,13263
18952,13263
18491,13263
18361,13263
17952,13263
17555,13263
17731,13263
18041,13028
17482,13028
17028,13028
17489,13028
18021,13028
18074,13028
17846,13028
17400,13028
17689,13028
16913,13028
16967,13028
16793,13028
16775,13028
16597,12613
16729,12613
17574,12613
18234,12613
18210,12613
18139,12613
18785,12613
18432,12613
17888,12613
17832,12613
18134,12613
18722,12613
18787,12613
18451,12613
18587,12613
18211,12613
18267,12613
17955,12613
18459,12613
18132,12613
18529,12613
18738,12613
18603,12613
18205,12613
18393,12613
18830,12613
18349,12613
18191,12613
18228,12613
18310,12613
18100,12613
18175,12613
18032,12613
18002,12613
17887,12613
17836,12613
17743,12613
17695,12613
18332,12613
18308,12613
18558,12613
19209,12613
18580,12613
18382,12613
18486,12613
18632,12613
18282,12613
18152,12613
18557,12613
18612,12613
18638,12613
18209,12613
17904,12613
17647,12613
18101,12613
17291,12613
18175,12613
17703,12613
17952,12613
18281,12613
18333,12613
18026,12613
18090,12613
17610,12613
18238,12613
17825,12613
17814,12613
17704,12613
17586,12613
18193,12613
18296,12613
18951,12613
19122,12613
19509,12613
19638,12613
19612,12613
19697,12613
20312,12613
20485,12613
19845,12613
19408,12613
19704,12613
20065,12613
19934,12613
19410,12613
19212,12613
19774,12613
19439,12613
19332,12613
19344,12613
19286,12613
19498,12613
20012,12613
19796,12613
19785,12613
19710,12613
19888,12613
20083,12613
19679,12613
19292,12613
18576,12613
18811,12613
18712,12613
18673,12613
19016,12613
19338,12613
19030,12613
19147,12613
19860,12613
19798,12613
19667,12613
19926,12613
19756,12613
19483,12613
19686,12613
19660,12613
19549,12613
19449,12613
19206,12613
19493,12613
19021,12613
18932,12613
18813,12613
18776,12613
18335,12613
18239,12613
18468,12613
18786,12613
18343,12613
18173,12613
18061,12613
18026,12613
18215,12613
17796,12613
17445,12613
17756,12613
17617,12613
17258,12613
17338,12613
17546,12613
17146,12613
16912,12613
16970,12613
17434,12613
17747,12613
17087,12613
17498,12613
17026,12613
17200,12613
17081,12613
16863,12613
16745,12613
16781,12613
17272,12613
17254,12613
17518,12613
17840,12613
17988,12613
17843,12613
17845,12613
17923,12613
17626,12613
17418,12613
16838,12613
17129,12613
16985,12613
16950,12613
17162,12613
16549,12613
16150,12613
16007,12613
15953,12613
16100,12613
15802,12613
16351,12613
15644,12613
15682,12613
15203,12613
15180,12464
15362,12464
15301,12464
15913,12464
16150,12464
15163,12464
15118,12464
15538,12464
15516,12389
15058,12327
14479,12327
14764,11790
14449,11726
14145,11726
13848,11456
13790,11456
13760,11316
13656,11316
13440,11316
13586,11316
13348,11227
13110,11227
13545,11224
12935,11224
13212,11195
13051,11126
13261,10893
13324,10893
13403,10893
13320,10893
12742,10893
12458,10893
12620,10700
12669,10700
12543,10700
12299,10700
12311,10593
11974,10555
12005,10425
11881,10353
11682,10278
11295,10102
11691,10078
11479,10078
11451,9929
10793,9929
11286,9894
11436,9894
11274,9894
10967,9866
10962,9866
10959,9857
10625,9812
10722,9812
10674,9812
10991,9812
10405,9800
10355,9800
10482,9800
10301,9755
10276,9755
10313,9755
10452,9755
10525,9755
10298,9755
11805,9747
10402,9747
10639,9747
10507,9739
10509,9739
10612,9485
10495,9485
10710,9485
10428,9485
10615,9485
10657,9485
10195,9485
10405,9485
10155,9485
10248,9485
10283,9485
10255,9485
10395,9485
10207,9485
10449,9485
10372,9485
10549,9485
10767,9485
10541,9485
10417,9485
10366,9485
10433,9485
10261,9485
10213,9485
10265,9485
10404,9485
10543,9485
10459,9485
10228,9485
10459,9485
10388,9485
10454,9485
10156,9485
10275,9485
10150,9478
10300,9478
10265,9478
10454,9478
10414,9478
10353,9478
10428,9478
10571,9478
10234,9478
10404,9478
10306,9478
10128,9478
10342,9478
10379,9478
10266,9478
10170,9478
10246,9478
10130,9478
10241,9478
10328,9478
10436,9478
10337,9478
10257,9478
10253,9478
10427,9478
10668,9478
10751,9478
10755,9478
10345,9478
10673,9478
10684,9478
10959,9478
10525,9478
10392,9478
10327,9478
10452,9478
10410,9478
10439,9478
10397,9478
10226,9478
10247,9478
10388,9478
10360,9478
10231,9478
10219,9478
10264,9478
10283,9478
11282,9478
10862,9478
10649,9478
10471,9478
10440,9478
10697,9478
10449,9478
10361,9478
10230,9478
10244,9478
10337,9478
10316,9478
10249,9478
10341,9478
10326,9478
10248,9478
10108,9478
10437,9478
10317,9478
10401,9478
10344,9478
10183,9478
10269,9478
10526,9478
10595,9478
10513,9478
10334,9478
10361,9478
10814,9478
10656,9478
10232,9478
10445,9478
10660,9478
10595,9478
10231,9478
10125,9478
11225,9478
10390,9478
10309,9478
10206,9478
10401,9478
10255,9478
10911,9478
10691,9478
10334,9478
10179,9478
10378,9478
10294,9478
10422,9478
10374,9478
10175,9478
10879,9478
10330,9478
10372,9478
10343,9478
10540,9478
10373,9478
10332,9478
10174,9478
10516,9478
10479,9478
10412,9478
10746,9478
10387,9478
10307,9478
10399,9478
11012,9478
10306,9478
10230,9478
10303,9478
10848,9478
10634,9478
10349,9478
10367,9478
10557,9478
10413,9478
10453,9478
10573,9478
10461,9478
10234,9478
10433,9478
10170,9478
10083,9478
10234,9478
10172,9478
10271,9478
10501,9478
10623,9478
10260,9478
10415,9478
10209,9478
10136,9478
10165,9478
10163,9478
10281,9478
10454,9478
10483,9478
10303,9478
10320,9478
10211,9478
10297,9478
10313,9478
10445,9478
10593,9478
10404,9478
10470,9478
10652,9478
10437,9478
10246,9478
10307,9478
10193,9478
10326,9478
10333,9478
10177,9478
10254,9478
10478,9478
10220,9478
10283,9478
10194,9478
10219,9478
10940,9478
10179,9478
10964,9478
10436,9478
10305,9478
10162,9478
10452,9478
10276,9478
10359,9478
10477,9478
10600,9478
10894,9478
10486,9478
10352,9478
10228,9478
10251,9478
10224,9478
10254,9478
10158,9478
10290,9478
10243,9478
10487,9478
10465,9478
10272,9478
10294,9478
11143,9478
10234,9478
10287,9478
10744,9478
10426,9478
10308,9478
10177,9478
10233,9478
10248,9478
10283,9478
10167,9478
10187,9478
10237,9478
10364,9478
10214,9478
10416,9478
10242,9478
10354,9478
10170,9478
10330,9478
10234,9478
10130,9478
10450,9478
10324,9478
10307,9478
10401,9478
10125,9478
10297,9478
10190,9478
10367,9478
10139,9478
10146,9478
10309,9478
10397,9478
10266,9478
10240,9478
10226,9478
10215,9478
10169,9478
10276,9478
10433,9478
10419,9478
10206,9478
10264,9478
10402,9478
10407,9478
10611,9478
10350,9478
10357,9478
10958,9478
10538,9478
10397,9478
10312,9478
10330,9478
10330,9478
10596,9478
10404,9478
10693,9478
10423,9478
10475,9478
10199,9478
10253,9478
10323,9478
10324,9478
10774,9478
10696,9478
10327,9478
10371,9478
10308,9478
10346,9478
10347,9478
10308,9478
10344,9478
10262,9478
10332,9478
10255,9478
10641,9478
10581,9478
10623,9478
10512,9478
10751,9478
10785,9478
10573,9478
10619,9478
10345,9478
10370,9478
10252,9478
10214,9478
10378,9478
10516,9478
10526,9478
10320,9478
10224,9478
10202,9478
10192,9478
10407,9478
10361,9478
10240,9478
10135,9478
10361,9478
10457,9478
10175,9478
10138,9478
10431,9478
10393,9478
10414,9478
10472,9478
10637,9478
10653,9478
10196,9478
10255,9478
10516,9478
10297,9478
10276,9478
10185,9478
10171,9478
10321,9478
10455,9478
10490,9478
10425,9478
10240,9478
10485,9478
10624,9478
10283,9478
10546,9478
10340,9478
10521,9478
10619,9478
10463,9478
10633,9478
