averageFitness,bestFitness,
30447,26220,
28996,25761,
28423,25224,
27720,24708,
27205,23521,
26890,23385,
26474,22921,
25816,21859,
25357,21291,
24971,20929,
24596,20929,
23778,20051,
23336,20051,
22698,19916,
22305,19916,
22251,18744,
21732,18744,
21473,18744,
21264,18142,
21072,17956,
20537,17528,
19940,17327,
19743,16539,
19288,16118,
18403,16118,
17479,15890,
16909,15545,
16476,15231,
16206,14985,
15897,14674,
15773,14674,
15323,14674,
15207,14643,
15260,14471,
15146,14238,
15112,13864,
14807,13804,
14251,13747,
13927,13747,
13853,13737,
13832,13229,
13854,13149,
13855,13018,
14096,13010,
13817,12988,
13560,12962,
13203,12962,
13150,12822,
13305,12698,
13291,12648,
13165,12648,
12987,12648,
12881,12270,
12768,12270,
12861,12270,
12924,12178,
13039,12085,
12732,12085,
12762,12022,
12539,12022,
12241,12022,
12282,11964,
12362,11964,
12173,11859,
12181,11693,
12235,11693,
12169,11693,
12024,11693,
11782,11513,
11829,11465,
11950,11465,
11944,11465,
11848,11338,
11799,11338,
11750,11338,
11578,11338,
11436,11308,
11439,11305,
11383,11305,
11386,11120,
11387,11114,
11370,11114,
11273,10968,
11223,10968,
11150,10968,
11115,10968,
11041,10968,
11079,10968,
11021,10968,
11014,10878,
11041,10878,
11020,10878,
11024,10878,
10935,10878,
10974,10859,
10977,10700,
11040,10700,
11120,10697,
11031,10697,
10985,10524,
10774,10524,
10754,10524,
10850,10524,
10781,10524,
10720,10524,
10600,10524,
10647,10524,
10609,10400,
10649,10400,
10626,10400,
10580,10400,
10632,10400,
10578,10400,
10503,10400,
10471,10400,
10451,10260,
10455,10260,
10429,10260,
10373,10242,
10340,10242,
10322,10228,
10337,10228,
10339,10225,
10374,10225,
10300,10225,
10286,10225,
10320,10225,
10280,10225,
10290,10225,
10331,10225,
10351,10214,
10297,10214,
10272,10214,
10294,10214,
10287,10214,
10269,10214,
10308,10214,
10289,10214,
10315,10214,
10351,10214,
10323,10193,
10329,10193,
10306,10193,
10525,10176,
10400,10176,
10285,10176,
10464,10163,
10425,10163,
10319,10163,
10360,10163,
10413,10163,
10415,10163,
10516,10163,
10388,10163,
10246,9877,
10311,9877,
10263,9877,
10181,9877,
10071,9877,
9946,9877,
9945,9877,
9942,9877,
9966,9877,
9970,9837,
9973,9837,
9917,9837,
9949,9837,
9962,9837,
9939,9837,
9937,9837,
9919,9837,
9936,9837,
9964,9822,
9959,9822,
9929,9822,
9893,9822,
9948,9822,
9905,9822,
9922,9759,
9948,9759,
9893,9759,
9931,9759,
9917,9759,
9866,9759,
9852,9759,
9848,9759,
9842,9686,
9862,9686,
9828,9686,
9853,9686,
9775,9686,
9821,9686,
9796,9686,
9740,9686,
9764,9686,
9830,9686,
9769,9686,
9779,9686,
9803,9686,
9810,9686,
9762,9686,
9764,9686,
9765,9686,
9826,9686,
9733,9686,
9754,9686,
9786,9686,
9751,9686,
9769,9686,
9773,9686,
9812,9686,
9775,9617,
9753,9617,
9809,9617,
9747,9614,
9774,9614,
9686,9614,
9679,9614,
9675,9614,
9705,9612,
9695,9612,
9694,9612,
9655,9612,
9648,9612,
9719,9612,
9700,9612,
9687,9612,
9707,9612,
9674,9612,
9712,9612,
9710,9612,
9677,9612,
9655,9612,
9727,9612,
9683,9612,
9700,9612,
9709,9612,
9716,9612,
9696,9612,
9751,9612,
9702,9612,
9684,9612,
9686,9612,
9732,9591,
9678,9591,
9674,9591,
9676,9591,
9695,9591,
9650,9567,
9651,9567,
9675,9567,
9642,9567,
9651,9567,
9621,9567,
9652,9567,
9696,9567,
9661,9567,
9666,9567,
9662,9567,
9649,9567,
9665,9567,
9656,9567,
9637,9567,
9680,9567,
9664,9567,
9616,9567,
9651,9567,
9620,9567,
9666,9567,
9635,9567,
9662,9567,
9660,9567,
9607,9567,
9667,9567,
9636,9567,
9681,9567,
9662,9548,
9661,9548,
9659,9548,
9705,9548,
9783,9548,
9624,9548,
9637,9548,
9664,9548,
9715,9548,
9654,9548,
9630,9352,
9606,9352,
9598,9352,
9453,9352,
9429,9352,
9454,9352,
9445,9352,
9470,9352,
9447,9352,
9456,9352,
9452,9352,
9427,9352,
9416,9352,
9437,9300,
9418,9300,
9418,9300,
9424,9300,
9375,9300,
9385,9300,
9371,9300,
9389,9300,
9369,9253,
9398,9253,
9435,9253,
9396,9253,
9423,9253,
9384,9253,
9379,9253,
9385,9253,
9297,9253,
9369,9230,
9345,9230,
9351,9230,
9323,9230,
9370,9230,
9335,9230,
9340,9230,
9329,9135,
9361,9135,
9320,9126,
9292,9126,
9222,9126,
9209,9126,
9200,9126,
9232,9126,
9230,9126,
9230,9126,
9198,9126,
9264,9126,
9263,9126,
9231,9126,
9244,9126,
9182,9126,
9216,9126,
9197,9126,
9207,9126,
9168,9126,
9204,9126,
9227,9126,
9174,9126,
9206,9126,
9194,9126,
9226,9126,
9244,9126,
9235,9126,
9226,9126,
9229,9126,
9247,9126,
9233,9126,
9212,9126,
9180,9126,
9206,9126,
9183,9126,
9232,9126,
9200,9126,
9236,9126,
9236,9077,
9209,9077,
9206,9077,
9240,9077,
9268,9077,
9136,9077,
9194,9067,
9200,9067,
9159,9067,
9210,9067,
9153,9067,
9139,9067,
9122,9067,
9160,9067,
9151,9067,
9113,9067,
9142,9067,
9198,9067,
9141,9062,
9160,9062,
9187,9062,
9221,8970,
9167,8913,
9188,8913,
9177,8816,
9185,8816,
9121,8816,
8967,8816,
8854,8816,
8969,8816,
8908,8816,
8885,8816,
8861,8816,
8927,8816,
8922,8816,
8910,8816,
8919,8816,
8916,8816,
8887,8816,
8898,8816,
8930,8816,
8917,8816,
8875,8816,
8892,8808,
8893,8808,
8958,8808,
8861,8808,
8907,8808,
8910,8763,
8871,8763,
8886,8763,
8922,8763,
8878,8763,
8853,8763,
8838,8763,
8847,8763,
8859,8763,
8837,8763,
8826,8763,
8844,8763,
8884,8763,
8843,8763,
8884,8763,
8904,8763,
8890,8763,
8871,8763,
8924,8763,
8825,8763,
8859,8763,
8889,8763,
8824,8763,
8910,8763,
8859,8763,
8837,8763,
8859,8763,
8886,8763,
8878,8763,
8876,8763,
8876,8763,
8828,8763,
8872,8763,
8855,8763,
8867,8763,
8881,8763,
8859,8763,
8860,8763,
8894,8763,
8836,8763,
8869,8763,
8841,8763,
8876,8763,
8876,8763,
8909,8763,
8818,8763,
8883,8763,
8828,8763,
8847,8763,
8841,8763,
8887,8763,
8869,8763,
8866,8763,
8839,8763,
8905,8763,
8908,8763,
8863,8763,
8822,8763,
8864,8763,
8853,8763,
8866,8763,
8841,8763,
8836,8763,
8846,8763,
8842,8763,
8837,8763,
8845,8763,
8833,8763,
8876,8763,
8875,8763,
8845,8763,
8927,8763,
8862,8763,
8852,8763,
8877,8763,
8851,8763,
8818,8763,
8859,8763,
8832,8763,
8881,8763,
8833,8763,
8826,8763,
8826,8763,
8865,8763,
8835,8763,
8843,8763,
8871,8763,
8807,8763,
8859,8763,
8872,8763,
8830,8763,
8832,8763,
8875,8763,
8789,8763,
8824,8763,
8878,8763,
8876,8763,
8900,8763,
8831,8763,
8872,8763,
8860,8763,
8842,8763,
8895,8763,
8832,8763,
8835,8763,
8833,8763,
8841,8763,
8885,8763,
8845,8763,
8835,8763,
8844,8763,
8835,8763,
8884,8763,
8817,8763,
8865,8763,
8832,8763,
8843,8763,
8847,8763,
8863,8763,
8863,8763,
8877,8763,
8905,8737,
8821,8737,
8815,8737,
8875,8737,
8787,8737,
8809,8737,
8801,8737,
8820,8737,
8825,8737,
8833,8737,
8792,8737,
8851,8737,
8798,8737,
8847,8737,
8816,8737,
8879,8737,
8829,8737,
8830,8737,
8857,8737,
8862,8737,
8802,8737,
8833,8737,
8800,8737,
8842,8737,
8829,8737,
8803,8737,
8822,8737,
8825,8737,
8851,8737,
8853,8737,
8842,8737,
8859,8737,
8888,8737,
8816,8737,
8812,8737,
8825,8737,
8798,8737,
8808,8737,
8833,8737,
8792,8737,
8826,8737,
8914,8737,
8819,8737,
8873,8737,
8851,8737,
8803,8737,
8868,8737,
8799,8737,
8842,8737,
8818,8737,
8849,8737,
8868,8737,
8836,8737,
8811,8737,
8827,8737,
8865,8737,
8825,8737,
8796,8737,
8871,8737,
8821,8737,
8847,8737,
8848,8737,
8786,8737,
8817,8737,
8827,8737,
8831,8737,
8827,8737,
8868,8737,
8848,8737,
8884,8737,
8848,8737,
8872,8737,
8820,8737,
8863,8737,
8825,8737,
8798,8737,
8855,8737,
8830,8737,
8839,8737,
8876,8737,
8810,8737,
8842,8737,
8852,8737,
8831,8737,
8820,8737,
8824,8737,
8870,8737,
8833,8737,
8815,8737,
8885,8737,
8874,8737,
8863,8737,
8834,8737,
8866,8737,
8901,8737,
8838,8737,
8804,8737,
8822,8737,
8811,8737,
8837,8737,
8814,8737,
8827,8737,
8796,8737,
8821,8737,
8841,8737,
8856,8737,
8835,8737,
8880,8737,
8826,8737,
8867,8737,
8825,8737,
8843,8737,
8811,8737,
8841,8737,
8859,8737,
8835,8737,
8817,8737,
8853,8737,
8831,8737,
8842,8737,
8781,8737,
8804,8737,
8854,8737,
8830,8737,
8794,8737,
8793,8737,
8813,8737,
8805,8737,
8794,8737,
8902,8737,
8851,8737,
8825,8737,
8820,8737,
8798,8737,
8836,8737,
8843,8737,
8853,8737,
8803,8737,
8792,8737,
8883,8737,
8839,8737,
8824,8737,
8841,8737,
8811,8737,
8827,8737,
8868,8737,
8859,8737,
8820,8737,
8862,8737,
8835,8737,
8817,8737,
8890,8737,
8819,8737,
8822,8737,
8811,8737,
8904,8737,
8813,8737,
8775,8737,
8836,8737,
8838,8737,
8774,8737,
8817,8737,
8894,8737,
8834,8737,
8883,8737,
8816,8737,
8787,8737,
8869,8737,
8860,8737,
8857,8737,
8846,8737,
8807,8737,
8807,8737,
8801,8737,
8817,8737,
8851,8737,
8820,8737,
8817,8737,
8811,8737,
8808,8737,
8840,8737,
8816,8737,
8849,8737,
8830,8737,
8813,8737,
8830,8737,
8815,8737,
8806,8737,
8796,8737,
8898,8737,
8805,8737,
8855,8737,
8828,8737,
8815,8737,
8840,8737,
8810,8737,
8859,8737,
8828,8737,
8812,8737,
8827,8737,
8882,8737,
8829,8737,
8848,8737,
8835,8737,
8815,8737,
8904,8737,
8829,8737,
8862,8737,
8815,8737,
8817,8737,
8811,8737,
8835,8737,
8790,8737,
8880,8737,
8812,8737,
8877,8737,
8773,8737,
8838,8737,
8860,8737,
8861,8737,
8794,8737,
8862,8737,
8827,8737,
8854,8737,
8778,8737,
8831,8737,
8821,8737,
8803,8737,
8806,8737,
8806,8737,
8780,8737,
8847,8737,
8874,8737,
8798,8737,
8815,8737,
8839,8737,
8826,8737,
8804,8737,
8849,8737,
8866,8737,
8845,8737,
8775,8737,
8877,8737,
8859,8737,
8840,8737,
8830,8737,
8800,8737,
8817,8737,
8824,8737,
8818,8737,
8815,8737,
8839,8737,
8821,8737,
8777,8737,
8869,8737,
8806,8737,
8792,8737,
8820,8737,
8824,8737,
8876,8737,
8810,8737,
8825,8737,
8861,8737,
8887,8737,
8812,8737,
8858,8737,
8808,8737,
8818,8737,
8798,8737,
8825,8737,
8885,8737,
8834,8737,
8845,8737,
8823,8737,
8855,8737,
8836,8737,
8782,8737,
8816,8737,
8831,8737,
8805,8737,
8836,8737,
8827,8737,
8842,8737,
8833,8737,
8807,8737,
8774,8737,
8852,8737,
8978,8737,
8833,8737,
8801,8737,
8819,8737,
8832,8737,
8850,8737,
8840,8737,
8844,8737,
8794,8737,
8836,8737,
8910,8737,
8824,8737,
8827,8737,
8818,8737,
8810,8737,
8861,8737,
8829,8737,
8825,8737,
8861,8737,
8785,8737,
8797,8737,
8794,8737,
8786,8737,
8884,8737,
8806,8737,
8861,8737,
8802,8737,
8796,8737,
8826,8737,
8828,8737,
8817,8737,
8798,8737,
8801,8737,
8862,8737,
8835,8737,
8798,8737,
8835,8737,
8858,8737,
8796,8737,
8783,8737,
8803,8737,
8865,8737,
8837,8737,
8839,8737,
8833,8737,
8813,8737,
8813,8737,
8832,8737,
8806,8737,
8848,8737,
8795,8737,
8848,8737,
8831,8737,
8801,8737,
8838,8737,
8825,8737,
8826,8737,
8842,8737,
8823,8737,
8834,8737,
8860,8737,
8844,8737,
8804,8737,
8815,8737,
8895,8737,
8823,8737,
8813,8737,
8794,8737,
8785,8737,
8863,8737,
8825,8737,
8810,8737,
8805,8737,
8822,8737,
8788,8737,
8892,8737,
8825,8737,
8870,8737,
8803,8737,
8844,8737,
8857,8737,
8772,8737,
8815,8737,
8839,8737,
8796,8737,
8845,8737,
8906,8737,
8817,8737,
8853,8737,
8826,8737,
8864,8737,
8867,8737,
8836,8737,
8894,8737,
8810,8737,
8876,8737,
8796,8737,
8774,8737,
8838,8737,
8838,8737,
8823,8737,
8917,8737,
8797,8737,
8833,8737,
8792,8737,
8826,8737,
8814,8737,
8818,8737,
8818,8737,
8799,8737,
8799,8737,
8822,8737,
8821,8737,
8852,8737,
8812,8737,
8851,8737,
8823,8737,
8821,8737,
8833,8737,
8821,8737,
8842,8737,
8830,8737,
8816,8737,
8823,8737,
8858,8737,
8886,8737,
8832,8737,
8872,8737,
8896,8737,
8831,8737,
8850,8737,
8850,8737,
8898,8737,
8830,8737,
8808,8737,
8842,8737,
8785,8737,
8816,8737,
8817,8737,
8853,8737,
8828,8737,
8818,8737,
8811,8737,
8852,8737,
8830,8737,
8823,8737,
8812,8737,
8833,8737,
8815,8737,
8873,8737,
8819,8737,
8820,8737,
8833,8737,
8826,8737,
8801,8737,
8824,8737,
8830,8737,
8847,8737,
8819,8737,
8785,8737,
8862,8737,
8835,8737,
8830,8737,
8822,8737,
8880,8737,
8811,8737,
8812,8737,
8804,8737,
8856,8737,
8824,8737,
8867,8737,
8795,8737,
8783,8737,
8853,8737,
8832,8737,
8803,8737,
8878,8737,
8798,8737,
8823,8737,
8845,8737,
8880,8737,
8790,8737,
8810,8737,
