averageFitness,bestFitness
30710,26013
29806,26013
29545,25074
28842,25074
28549,21919
28187,21919
27622,21919
27249,21919
26314,21919
25284,21504
23840,21366
22287,21281
22102,20750
21851,20468
21404,20360
21307,20216
21005,19980
21108,19980
20838,19847
20691,19267
20477,19267
20836,19267
20762,19149
20956,19149
21116,19149
21576,19147
21731,19114
21352,18955
20759,18955
19614,18782
19580,18782
19647,18769
20381,18769
19973,18769
20295,18551
19833,18343
19441,18343
19559,18288
20003,18163
20737,18163
20543,18144
20647,18144
20239,17954
20844,17828
21108,17828
19848,17719
19513,17671
19300,17562
18689,17455
18367,17397
18142,17067
18475,17067
17952,16776
18118,16776
18230,16748
18420,16748
18388,16641
17912,16614
17393,16586
16895,16586
16707,16530
16659,16530
16764,16483
17338,16350
17964,16350
17820,16269
17571,16269
17988,16269
17756,16269
18109,16269
18077,16269
17766,15878
17071,15878
16977,15878
17129,15878
16731,15878
16268,15661
16273,15550
15892,15514
15715,15394
16126,15394
15861,15394
16096,15074
16404,15074
16153,15074
16621,15074
16009,15074
16479,15037
16882,15037
17628,14991
17803,14991
18150,14991
18390,14991
18330,14991
17352,14991
16532,14929
15427,14929
15251,14866
15475,14866
15640,14866
15593,14866
15808,14866
15298,14828
15286,14697
15553,14697
15532,14697
15772,14697
16740,14682
16675,14562
17119,14562
17169,14562
15557,14562
16126,14562
15970,14562
16186,14562
16591,14541
15171,14224
15001,14224
14739,14224
14926,14224
15097,14224
15278,14224
15759,14224
16032,14197
15942,14197
15956,14197
15677,14197
16034,14197
16134,14197
15826,14197
15781,14197
14605,14101
14538,14101
14481,13996
15098,13996
15323,13996
15482,13996
15195,13996
14396,13806
14229,13613
14742,13613
14400,13613
14277,13613
14148,13613
14162,13609
14028,13609
14288,13609
14301,13607
14101,13607
13698,13331
14027,13331
13790,13331
13947,13331
14286,13331
14408,13331
14210,13331
14868,13331
14354,13331
14310,13331
14841,13331
14415,13331
14176,13331
14392,13331
15630,13331
14950,13331
16852,13331
16849,13331
15890,13331
13779,13331
13681,13331
13583,13331
13708,13141
13589,13130
13600,13130
13648,13058
13569,13043
13397,13043
13343,13043
13224,13043
13334,13024
13148,12821
13227,12745
13619,12745
13716,12742
13988,12742
13612,12742
13967,12742
14142,12728
14518,12728
14731,12728
14353,12728
13982,12728
12869,12691
12792,12687
12812,12647
12849,12647
12821,12594
12764,12576
12651,12552
12662,12499
12644,12499
12603,12283
12569,12213
12597,12137
12580,12137
12695,12137
12783,12137
12535,12137
12340,12137
12299,11817
12354,11817
12311,11817
12349,11817
12363,11817
12335,11817
12366,11817
13039,11817
12704,11817
12745,11817
13001,11817
12774,11815
12183,11815
11878,11568
11864,11568
11824,11568
11754,11534
11678,11292
11621,11280
11615,11280
11572,11280
11573,11280
11460,11250
11356,11238
11329,11228
11304,11198
11324,11198
11417,11177
11318,11170
11375,11170
11931,11166
12041,11166
12095,11166
12154,11166
12348,11166
12831,11166
12661,11166
11318,11166
11182,11166
11222,11127
11260,11127
11252,11127
11202,11127
11203,11127
11177,11127
11191,11127
11187,11127
11219,11127
11182,11127
11200,11127
11203,11127
11210,11127
11203,11127
11185,11124
11196,11069
11206,11069
11224,11069
11179,11020
11351,11020
11399,11020
11440,11020
11376,11020
11294,10914
11664,10914
11543,10914
11680,10914
11507,10838
10979,10838
11013,10838
11023,10838
10987,10838
11074,10838
11034,10838
11071,10694
11158,10694
11108,10597
10965,10597
10851,10380
10839,10380
10865,10380
10967,10380
11032,10380
11026,10380
11091,10380
11111,10380
10986,10380
11047,10380
11105,10043
10977,10043
10939,10043
11011,10043
10885,10043
10591,10043
10528,10043
10560,10043
10608,10043
10735,10043
10812,10043
10678,10043
10948,10043
11033,10043
11199,10043
11218,10043
10484,10043
10689,10043
10965,10043
11152,10043
11101,10043
11349,10043
12004,10043
11207,10043
10748,10043
11059,9930
11334,9930
11740,9930
11774,9930
11432,9930
10375,9930
10480,9930
10530,9930
10407,9930
10453,9930
10482,9930
10655,9930
10693,9930
10562,9930
10590,9930
10378,9930
10367,9930
10379,9930
10337,9930
10358,9930
10417,9930
10399,9930
10397,9930
10359,9930
10380,9930
10383,9930
10428,9930
10374,9930
10342,9845
10451,9845
10385,9845
10448,9845
10424,9845
10277,9845
10097,9708
9921,9708
10005,9708
10042,9708
10080,9708
10065,9708
9909,9708
9753,9481
9806,9481
9916,9481
10020,9481
9984,9481
9992,9481
10114,9481
10064,9481
10445,9481
10248,9481
9589,9481
9534,9481
9563,9481
9584,9481
9578,9481
9547,9481
9592,9481
9587,9481
9699,9481
9585,9446
9566,9446
9593,9446
9500,9446
9503,9446
9568,9446
9521,9446
9578,9446
9514,9446
9548,9446
9569,9446
9545,9446
9553,9446
9582,9446
9576,9446
9583,9446
9580,9446
9545,9446
9581,9446
9591,9446
9578,9446
9564,9446
9626,9446
9596,9446
9613,9446
9633,9446
9585,9442
9692,9442
9570,9442
9633,9442
9680,9442
9672,9442
9603,9399
9610,9372
9586,9347
9621,9347
9476,9347
9463,9347
9394,9347
9434,9347
9472,9347
9393,9323
9376,9323
9413,9323
9395,9323
9361,9311
9376,9311
9417,9311
9434,9311
9415,9311
9472,9311
9401,9311
9357,9311
9394,9311
9404,9311
9399,9311
9408,9311
9398,9311
9402,9311
9412,9311
9419,9311
9343,9311
9409,9311
9367,9311
9364,9311
9380,9311
9365,9311
9386,9311
9401,9311
9404,9311
9399,9311
9400,9311
9415,9311
9364,9311
9366,9311
9389,9311
9351,9311
9405,9311
9420,9311
9359,9311
9359,9311
9402,9301
9361,9301
9422,9301
9393,9301
9431,9301
9430,9301
9408,9301
9413,9301
9413,9301
9394,9301
9408,9121
9451,9121
9350,9121
9315,9121
9165,9121
9185,9121
9214,9121
9196,9121
9155,9121
9195,9121
9274,9118
9198,9118
9237,9118
9189,9118
9150,9118
9174,9118
9167,9118
9184,9118
9173,9118
9230,9118
9172,9118
9199,9118
9191,9118
9179,9118
9178,9118
9176,9118
9198,9118
9201,9118
9165,9118
9193,9118
9165,9118
9201,9118
9182,9118
9185,9118
9222,9118
9183,9118
9180,9118
9197,9118
9194,9118
9231,9118
9236,9118
9154,9118
9178,9118
9166,9017
9314,9017
9155,9017
9251,9017
9188,9017
9201,9017
9177,9017
9172,9017
9159,9017
9154,9017
9214,9017
9189,9017
9231,9017
9241,9017
9219,9017
9196,9017
9203,9017
9185,9017
9270,9017
9224,9017
9196,9017
9182,9017
9188,9017
9160,9017
9204,9017
9154,9017
9222,9017
9222,9017
9198,9017
9202,9017
9237,9017
9300,9017
9335,9017
9309,9017
9224,9017
9170,9017
9170,9017
9133,9017
9212,9017
9140,9017
9134,9017
9144,9017
9161,9017
9138,9017
9140,9017
9184,9017
9147,9017
9108,9017
9125,9017
9132,9017
9121,9017
9148,9017
9112,9013
9142,9013
9131,9013
9088,9013
9051,9013
9060,9013
9112,9013
9086,9013
9109,9013
9045,9013
9097,9013
9090,9013
9097,9013
9085,9013
9097,9013
9111,9013
9057,9013
9153,9013
9091,9013
9105,9013
9102,9013
9074,9013
9105,9013
9076,9013
9064,9013
9095,9013
9092,9013
9079,9013
9084,9013
9093,9013
9089,9013
9058,9013
9071,9013
9072,9013
9096,9013
9081,9013
9069,9013
9104,9013
9094,9013
9089,9013
9070,9013
9123,9013
9069,9013
9121,9013
9096,9013
9120,9013
9092,9013
9059,9013
9110,9013
9031,9013
9107,9013
9128,9013
9109,9013
9098,9013
9139,9013
9104,9013
9092,9013
9090,9013
9082,9013
9089,9013
9096,9013
9114,9013
9038,9013
9065,9013
9079,9013
9133,9013
9072,9011
9092,9011
9039,9011
9066,9011
9064,9011
9091,9011
9148,9011
9107,9011
9100,9011
9068,9011
9067,9011
9096,9011
9108,9011
9076,9011
9101,9011
9100,9011
9080,9011
9070,9011
9046,9011
9094,8970
9075,8970
9057,8970
9045,8970
9052,8959
9107,8959
9055,8918
9034,8918
9070,8918
9010,8918
9009,8918
8996,8752
9121,8752
9158,8752
9028,8752
8982,8752
9018,8752
9007,8752
9020,8752
8973,8752
9004,8752
8996,8752
8995,8752
8986,8752
9002,8752
9036,8752
9002,8752
9029,8752
8988,8752
8993,8752
8998,8752
8996,8752
8928,8752
8972,8752
9010,8752
8951,8752
8996,8752
8994,8752
9013,8752
9001,8752
9000,8752
9027,8752
9028,8752
8996,8752
8960,8752
9008,8752
8988,8752
8970,8752
8956,8752
9002,8752
8994,8752
9009,8752
8971,8752
8993,8752
9009,8752
8968,8752
8991,8752
9019,8752
9005,8752
8999,8752
8985,8752
9015,8752
8981,8752
9029,8752
8945,8752
9001,8752
8977,8752
8967,8752
8994,8752
9002,8752
9015,8752
8980,8752
9034,8752
8990,8752
9012,8752
8948,8752
8998,8752
8974,8752
9000,8752
8965,8752
8969,8752
9027,8752
9022,8752
8977,8752
8963,8752
9004,8752
8969,8752
8976,8752
9009,8752
8986,8752
8997,8752
8978,8752
9000,8752
8965,8752
8947,8752
8972,8752
8973,8752
8995,8752
8929,8752
8957,8752
9008,8752
8968,8752
8980,8752
8936,8752
8991,8752
8974,8752
8975,8752
8958,8752
8996,8752
8985,8752
8985,8752
8943,8752
8982,8752
9026,8752
9002,8752
8972,8752
9016,8752
9008,8752
8994,8752
8996,8752
8940,8752
8980,8752
8963,8752
8990,8752
8956,8752
9001,8752
8945,8752
8982,8752
8972,8752
8970,8752
8928,8752
8953,8752
8942,8752
8991,8752
8960,8752
8977,8752
9031,8752
8939,8752
8961,8752
9027,8752
8972,8752
8982,8752
9022,8752
8981,8752
9006,8752
8966,8752
9003,8752
8981,8752
9000,8752
8973,8752
8954,8752
9155,8752
8942,8752
9019,8752
8968,8752
8961,8752
8970,8752
8970,8752
9002,8752
9012,8752
8963,8752
9013,8752
8976,8752
8979,8752
9003,8752
8970,8752
8976,8752
8998,8752
8967,8752
8957,8752
8980,8752
8961,8752
8921,8752
8954,8752
8980,8752
8944,8752
9000,8752
8967,8752
9005,8752
8967,8752
8959,8752
8986,8752
8956,8752
8979,8752
8981,8752
9044,8752
9019,8752
8978,8752
8969,8752
8930,8752
9021,8752
8974,8752
8968,8752
8981,8752
8989,8752
8976,8747
9045,8747
8993,8747
8984,8747
8970,8747
8948,8747
8957,8747
9015,8747
8986,8747
8961,8747
8969,8747
8955,8747
8971,8747
8965,8747
9021,8747
8950,8747
8958,8747
8992,8747
8975,8747
8992,8747
8991,8747
8937,8747
8983,8747
8959,8747
8986,8747
8993,8747
8944,8747
8989,8747
8951,8747
9039,8747
9004,8747
8998,8747
9009,8747
8934,8747
8990,8747
9131,8747
8987,8747
8946,8747
8974,8747
9030,8747
8954,8747
8995,8747
9001,8747
8986,8747
9032,8747
9170,8747
8981,8747
9004,8747
8948,8747
8987,8747
8977,8747
8917,8747
8988,8747
9205,8747
8999,8747
8961,8747
8973,8747
8969,8747
8970,8747
8957,8747
8965,8747
9003,8747
8963,8747
8991,8747
9023,8747
8984,8747
8997,8747
9020,8747
9001,8747
9012,8747
8981,8747
8948,8747
9034,8747
8947,8747
8959,8747
8956,8747
9033,8747
8970,8747
8946,8747
8999,8747
8977,8747
8941,8747
8978,8747
8996,8747
8957,8747
8976,8747
8994,8747
8965,8747
8967,8747
8977,8747
8978,8747
8981,8747
8981,8747
8950,8747
8957,8747
8966,8747
8984,8747
8986,8747
8949,8747
8941,8747
9018,8747
8968,8747
8984,8747
8992,8747
8979,8747
8970,8747
8979,8747
8987,8747
9007,8747
8942,8747
8964,8747
8983,8747
8955,8747
8981,8747
8999,8747
8955,8747
8975,8747
8990,8747
8941,8747
9195,8747
8942,8747
8991,8747
8998,8747
8988,8747
8988,8747
8971,8747
8965,8747
8990,8747
8954,8747
8980,8747
8966,8747
9025,8747
8994,8747
8988,8747
8976,8747
8964,8747
8985,8747
8939,8747
8986,8747
8950,8747
9099,8747
9151,8747
9294,8747
9234,8747
8990,8747
8954,8747
9006,8747
8994,8747
8973,8747
8965,8747
8970,8747
9041,8747
9002,8747
8944,8747
