averageFitness,bestFitness
30571,26823
29474,25907
29087,25606
28748,25603
28418,24448
27765,23811
28131,23701
27875,22937
27073,22566
26817,22566
25319,21588
24843,21292
24414,20799
24368,20799
24048,19865
23895,19865
24161,19016
23965,19016
24103,19016
23249,18419
23157,18419
22698,18419
22850,17502
22708,17502
22244,17502
21731,17336
21411,17336
20737,17336
20322,17294
19454,16418
18754,16418
18192,15976
17808,15796
17726,15656
16953,15103
16683,14894
16309,14436
15885,13827
15451,13717
15375,13475
14870,13475
14416,13199
14212,13199
14298,13083
13602,12830
13248,12724
13479,12626
12984,12626
13076,12604
12932,12543
13228,12526
12936,12526
12745,12452
12888,12354
13465,12354
14220,12354
14202,12354
14812,12354
13552,12354
12789,12354
13152,12219
12878,12219
13040,12219
12903,12219
13169,12219
12485,12219
12540,12219
12502,12219
12464,12219
12550,12219
12463,12219
12546,12188
12783,12188
12416,12015
12674,12015
12454,12015
13488,12015
13963,11866
14332,11866
14639,11866
14524,11866
12380,11866
12069,11866
12046,11866
12093,11866
12136,11866
11965,11797
11970,11794
11943,11591
12060,11591
12046,11591
11953,11591
11916,11591
12082,11583
12377,11583
13340,11566
14200,11566
14265,11566
13917,11566
16629,11566
17123,11566
14109,11278
12365,11278
11913,11278
12513,11278
12003,11255
11997,11255
12580,11255
11621,11255
11639,11255
11645,11255
11669,11255
11686,11255
11650,11255
12077,11255
12089,11255
11994,11255
11717,11255
11781,11255
11867,11255
11664,11255
12237,11255
11665,11255
11682,11255
12049,11255
12103,11255
12063,11251
11770,11251
12102,11251
12197,11251
12607,11251
12465,11251
12474,11251
12681,11251
12629,11251
12488,11251
12465,11251
13314,11251
13953,11251
13051,10908
12052,10908
11299,10908
11338,10908
11328,10908
11371,10908
11425,10908
11672,10908
11470,10908
11484,10908
11617,10908
11737,10683
11577,10683
11320,10683
10942,10683
10809,10683
10757,10683
10743,10683
10757,10683
10757,10683
10729,10454
10965,10454
11033,10454
11024,10454
11010,10454
10813,10454
11112,10454
11273,10454
11325,10454
11412,10454
11264,10454
10654,10454
10630,10454
10632,10454
10606,10454
10622,10454
10900,10454
11044,10443
11278,10443
12215,10443
12900,10443
12350,10443
11647,10443
11344,10443
11797,10443
11545,10400
11169,10400
10576,10400
10866,10400
10542,10400
10415,10400
10456,10400
10476,10070
10894,10070
10474,10070
10478,10070
10470,10070
10456,10070
10447,10070
10694,10070
10500,10070
10440,10070
10533,10070
10472,10070
10643,10070
10821,10070
10700,10070
11035,10070
10752,10070
10621,10070
10522,10070
10521,10070
10484,10070
10463,10070
10434,10070
10548,10070
10597,10070
10542,10070
10597,10070
10605,10070
10535,10070
10323,10070
10370,10070
10338,10070
10704,10070
10588,10070
10379,10070
10519,10070
10345,10070
10379,10070
10392,10070
10361,10070
10344,10070
10344,10070
10299,10070
10272,10070
10278,10070
10291,10070
10294,10070
10308,10070
10342,10070
10265,10070
10291,10070
10292,10070
10296,10070
10263,10070
10308,10070
10332,10070
10302,10070
10266,10070
10380,10070
10454,10070
10384,10070
10561,10070
10636,10070
10742,10070
10984,9964
10565,9964
10157,9964
10120,9964
10100,9964
10026,9964
10088,9964
10022,9964
9996,9964
10015,9891
10077,9891
10018,9891
10038,9891
9998,9891
9964,9891
9987,9891
9961,9891
9959,9891
10009,9862
9955,9862
9954,9862
9985,9862
9962,9862
9941,9862
9942,9862
9919,9744
9949,9744
9975,9725
9932,9725
9895,9725
9827,9725
9800,9725
9756,9725
9781,9715
9810,9715
9809,9715
9839,9715
9837,9715
9786,9715
9829,9715
9777,9715
9810,9715
9821,9715
9795,9715
9811,9715
9769,9715
9803,9715
9856,9715
9797,9715
9789,9715
9785,9715
9785,9715
9795,9715
9760,9715
9804,9715
9802,9715
9794,9715
9776,9715
9819,9687
9781,9687
9801,9687
9809,9687
9800,9687
9808,9687
9816,9687
9774,9457
9771,9457
9797,9457
9714,9457
9587,9457
9557,9457
9539,9457
9520,9457
9538,9457
9553,9457
9536,9457
9555,9457
9492,9457
9526,9457
9541,9457
9543,9457
9513,9457
9532,9457
9564,9457
9520,9457
9497,9457
9536,9457
9533,9457
9497,9457
9548,9457
9543,9457
9585,9457
9593,9457
9533,9457
9548,9457
9529,9457
9516,9457
9532,9457
9565,9457
9556,9457
9529,9457
9536,9457
9513,9457
9576,9457
9527,9457
9525,9457
9538,9324
9549,9324
9503,9324
9505,9324
9521,9324
9517,9324
9545,9324
9562,9324
9521,9324
9541,9324
9629,9324
9561,9324
9593,9324
9528,9324
9534,9324
9488,9324
9494,9324
9479,9324
9503,9324
9491,9324
9440,9324
9445,9324
9478,9324
9466,9324
9511,9324
9439,9324
9432,9324
9508,9324
9427,9324
9444,9324
9504,9324
9497,9324
9452,9324
9465,9324
9486,9324
9467,9324
9499,9324
9468,9324
9464,9324
9517,9324
9433,9324
9492,9324
9470,9324
9438,9324
9454,9324
9475,9324
9460,9324
9438,9324
9464,9324
9491,9324
9843,9324
10009,9324
10148,9324
10205,9324
10471,9324
10344,9324
9444,9307
9562,9307
9544,9307
9426,9307
9428,9307
9407,9307
9413,9307
9464,9307
9393,9307
9415,9307
9468,9307
9411,9307
9433,9307
9457,9307
9405,9307
9456,9307
9406,9307
9442,9307
9468,9307
9437,9307
9447,9307
9458,9307
9443,9307
9451,9307
9458,9307
9409,9307
9438,9307
9426,9307
9406,9307
9453,9307
9434,9307
9425,9304
9974,9304
10319,9304
10771,9304
11086,9304
10312,9304
9997,9104
11372,9104
12124,9104
13551,9104
12553,9104
13091,9104
12424,9104
10004,9104
9186,9104
9159,9104
9202,9104
9148,9104
9169,9104
9139,9104
9159,9104
9151,9104
9173,9104
9179,9104
9191,9104
9170,9104
9215,9104
9188,9104
9242,9104
9201,9104
9206,9104
9139,9043
9146,9043
9152,9043
9125,9043
9146,9043
9113,9043
9120,9043
9149,9043
9145,9043
9131,9043
9091,9043
9153,9043
9136,9043
9105,9043
9149,8986
9392,8986
9566,8986
9453,8986
10420,8986
11562,8986
11281,8986
10993,8986
12068,8986
13463,8986
12083,8986
10523,8986
9078,8986
9029,8850
9421,8850
10204,8850
12215,8850
12902,8850
12170,8850
10231,8850
8937,8850
8929,8850
8900,8850
8930,8850
8947,8850
8929,8850
8967,8850
8912,8850
8935,8850
8933,8850
8939,8850
8961,8850
8945,8850
8932,8850
8895,8850
8937,8850
8930,8850
8906,8850
8901,8850
8950,8850
8914,8850
8901,8850
8931,8850
8920,8850
8905,8850
8924,8850
8909,8850
8950,8850
8983,8850
8938,8850
8902,8850
8926,8850
8907,8850
8931,8850
8883,8850
8890,8850
8928,8850
8959,8850
8930,8850
8968,8850
8949,8761
8942,8761
8881,8761
8919,8761
8883,8761
8856,8761
8836,8761
8840,8761
8829,8761
8818,8761
8809,8749
8835,8664
8865,8664
8899,8664
8911,8664
8904,8664
8851,8664
8856,8664
8854,8664
8933,8664
8896,8664
8986,8664
8980,8664
8868,8664
8888,8664
8938,8664
8904,8664
8932,8664
9065,8664
9136,8664
8980,8664
8766,8664
8760,8664
8736,8664
8729,8664
8730,8664
8789,8664
8745,8664
8762,8664
8735,8664
8754,8664
8763,8664
8900,8664
8727,8664
8707,8664
8749,8664
8720,8664
8732,8664
8741,8664
8713,8664
8735,8664
8748,8664
8729,8664
8697,8664
8745,8664
8743,8664
8756,8664
8752,8664
8714,8664
8714,8664
8728,8664
8727,8664
8731,8664
8748,8664
8790,8664
8708,8664
8710,8664
8738,8664
8730,8664
8748,8664
8723,8664
8718,8664
8702,8664
8790,8664
8725,8664
8722,8664
8711,8664
8742,8664
8733,8664
8794,8664
8771,8664
8745,8664
8766,8664
8750,8664
8747,8664
8742,8664
8743,8664
8714,8664
8738,8664
8715,8664
8748,8664
8816,8664
8713,8664
8702,8664
8735,8664
8701,8664
8751,8664
8755,8664
8715,8664
8747,8664
8718,8664
8749,8664
8783,8664
8715,8664
8719,8664
8725,8664
8728,8664
8703,8664
8775,8664
8727,8664
8699,8664
8721,8664
8779,8664
8740,8664
8726,8664
8735,8664
8763,8664
8758,8664
8778,8664
8712,8664
8761,8664
8786,8664
8762,8664
8748,8664
8747,8664
8769,8664
8753,8664
8723,8664
8785,8664
8703,8664
8758,8664
8728,8664
8711,8664
8729,8664
8736,8664
8724,8664
8715,8664
8773,8664
8725,8664
8723,8664
8711,8664
8764,8664
8746,8664
8732,8664
8782,8664
8741,8664
8799,8664
8773,8664
8766,8664
8786,8664
8731,8664
8768,8664
8753,8664
8708,8664
8738,8664
8744,8664
8732,8664
8755,8664
8719,8664
8729,8664
8723,8664
8766,8664
8711,8664
8705,8664
8740,8664
8713,8664
8733,8664
8700,8664
8707,8664
8719,8664
8728,8664
8715,8664
8718,8664
8710,8664
8741,8664
8756,8664
8736,8664
8751,8664
8751,8664
8700,8664
8731,8664
8977,8664
8812,8664
9114,8664
8713,8664
8752,8664
8754,8664
8780,8664
8713,8664
8759,8664
8727,8664
8735,8664
8748,8664
8771,8664
8705,8664
8775,8664
8740,8664
8756,8664
8763,8664
8729,8664
8767,8664
8764,8664
8705,8664
8740,8664
8759,8664
8750,8664
8747,8664
8764,8664
8760,8664
8787,8664
8801,8664
8729,8664
8723,8664
8731,8664
8796,8664
8726,8664
8753,8664
8715,8664
8733,8664
8739,8664
8742,8664
8713,8664
8741,8664
8718,8664
8726,8664
8786,8664
8781,8664
8777,8664
8758,8664
8731,8664
8713,8664
8765,8664
8719,8664
8781,8664
8749,8664
8742,8664
8767,8664
8793,8664
8725,8664
8786,8664
8761,8664
8778,8664
8740,8664
8750,8664
8717,8664
8714,8664
8728,8664
8791,8664
8764,8664
8735,8664
8772,8664
8718,8664
8728,8664
8765,8664
8738,8664
8781,8664
8772,8664
8730,8664
8689,8664
8730,8664
8713,8664
8773,8664
8726,8664
8723,8664
8749,8664
8737,8664
8705,8664
8698,8664
8739,8664
8795,8664
8746,8664
8719,8664
8732,8664
8740,8664
8752,8664
8705,8664
8781,8664
8724,8664
8769,8664
8712,8664
8732,8664
8711,8664
8705,8664
8726,8664
8713,8664
8722,8664
8755,8664
8761,8664
8759,8664
8696,8664
8704,8664
8772,8664
8765,8664
8762,8664
8738,8664
8718,8664
8748,8664
8745,8664
8746,8664
8727,8664
8763,8664
8775,8664
8783,8664
8758,8664
8730,8664
8731,8664
8734,8664
8726,8664
8721,8664
8744,8664
8720,8664
8710,8664
8687,8664
8724,8664
8779,8664
8728,8664
8721,8664
8735,8664
8765,8664
8744,8664
8723,8664
8713,8664
8760,8664
8748,8664
8791,8664
8747,8664
8727,8664
8703,8664
8716,8664
8747,8664
8694,8664
8772,8664
8714,8664
8757,8664
8712,8664
8705,8664
8702,8664
8731,8664
8718,8664
8733,8664
8793,8664
8743,8664
8718,8664
8689,8664
8743,8664
8754,8664
8710,8664
8762,8664
8800,8664
8739,8664
8736,8664
8762,8664
8714,8664
8740,8664
8752,8664
8740,8664
8749,8664
8716,8664
8761,8664
8764,8664
8723,8664
8735,8664
8749,8664
8761,8664
8707,8664
8712,8664
8736,8664
8735,8664
8715,8664
8712,8664
8740,8664
8752,8664
8737,8664
8732,8664
8710,8664
8731,8664
8719,8664
8729,8664
8731,8664
8754,8664
8731,8664
8730,8664
8732,8664
8750,8664
8735,8664
8714,8664
8779,8664
8761,8664
8731,8664
8714,8664
8780,8664
8782,8664
8742,8664
8792,8664
8760,8664
8722,8664
8778,8664
8776,8664
8734,8664
8734,8664
8768,8664
8769,8664
8739,8664
8717,8664
8752,8664
8755,8664
8741,8664
8734,8664
8735,8664
8755,8664
8705,8664
8691,8664
8737,8664
8701,8664
8783,8664
8794,8664
8795,8664
8746,8664
8769,8664
8741,8664
8735,8664
8739,8664
8709,8664
8749,8664
8720,8664
8721,8664
8716,8664
8761,8664
8739,8664
8744,8664
8717,8664
8811,8664
8754,8664
8748,8664
8730,8664
8756,8664
8737,8664
8719,8664
8764,8664
8725,8664
8752,8664
8755,8664
8751,8664
8760,8664
8738,8664
8796,8664
8740,8664
8771,8664
