averageFitness,bestFitness
30617,24633
29316,24633
28480,24071
28058,24071
27396,23578
27109,22382
26661,22382
26233,22382
26247,20502
25839,20502
25707,20502
25412,20502
24933,20502
25199,20502
24898,20502
24723,20502
24927,20502
24903,20502
24718,20502
24398,20502
24585,20502
24766,20502
24620,20502
24366,20502
24293,20502
23922,20111
23587,19934
23751,19934
23460,19934
23372,19785
23482,19301
22841,18936
22866,18936
23132,18092
22427,18092
22229,18092
22100,18092
21966,18092
21714,18092
21279,18092
21157,17313
21138,17313
20870,17313
21180,17313
21433,17283
20946,17283
20958,17283
21060,17283
20785,16888
20469,16669
19903,16409
20096,16388
20273,16388
19646,16388
20087,16388
19853,16388
19738,16388
19759,16388
19783,16388
19249,16388
19260,16243
18947,15847
18903,15847
19157,15847
19691,15847
19996,15518
19743,14810
19102,14810
18533,14758
17854,14758
17594,14425
17306,14312
16844,14312
16486,14312
16158,14138
16174,14138
16306,14039
16052,14039
15514,14039
15301,14039
15241,14001
15013,13924
14915,13721
14796,13387
14783,13145
14778,13145
14793,13145
14983,12455
14794,12455
14755,12455
14625,12455
14426,12422
14162,12346
13487,11994
13329,11994
13313,11994
13042,11880
13009,11880
13048,11764
12981,11764
12994,11764
12862,11764
12578,11651
12364,11576
12280,11567
12383,11466
12348,11326
12442,11326
12344,11326
12293,11106
12133,11058
12134,11032
11982,11017
11834,10904
11710,10904
11663,10790
11418,10774
11376,10673
11343,10544
11330,10544
11340,10528
11378,10519
11785,10488
11526,10358
11521,10358
11603,10358
11366,10358
11317,10321
11334,10020
11024,10020
10875,10020
10855,10020
10883,10020
10640,9843
10549,9843
10592,9780
10421,9780
10276,9560
10364,9560
10272,9560
10267,9507
10245,9507
10157,9500
10137,9500
10074,9447
10082,9193
9965,9193
9942,9132
9974,9132
9871,9111
9752,9111
9707,9111
9578,9111
9587,9111
9602,9111
9620,9104
9671,9104
9606,9102
9530,9102
9507,9018
9516,9009
9514,9009
9635,8996
9516,8996
9621,8994
9605,8987
9525,8958
9633,8958
9493,8931
9406,8931
9403,8931
9477,8929
9427,8929
9466,8929
9458,8929
9425,8929
9393,8929
9358,8929
9328,8912
9433,8912
9453,8912
9404,8912
9345,8912
9340,8912
9274,8912
9392,8912
9370,8912
9408,8912
9315,8912
9390,8912
9321,8912
9408,8912
9278,8912
9418,8912
9406,8912
9395,8912
9422,8912
9318,8912
9434,8912
9378,8912
9438,8912
9356,8912
9273,8912
9451,8912
9369,8912
9352,8912
9331,8912
9434,8901
9305,8863
9385,8863
9398,8863
9407,8863
9391,8863
9332,8863
9369,8863
9327,8863
9279,8863
9335,8852
9326,8852
9308,8852
9310,8852
9253,8852
9232,8852
9402,8852
9326,8852
9300,8852
9362,8852
9244,8852
9258,8852
9245,8852
9390,8852
9230,8852
9221,8852
9242,8852
9231,8852
9336,8852
9402,8852
9274,8852
9255,8852
9333,8832
9293,8832
9247,8832
9267,8832
9334,8832
9294,8832
9305,8832
9315,8832
9314,8832
9348,8832
9218,8832
9297,8832
9313,8832
9240,8832
9273,8817
9198,8817
9239,8817
9322,8817
9373,8817
9294,8817
9397,8817
9307,8817
9293,8817
9256,8817
9259,8817
9228,8817
9274,8817
9276,8817
9307,8817
9267,8817
9402,8817
9196,8817
9367,8817
9423,8817
9428,8817
9275,8817
9261,8817
9311,8817
9357,8817
9291,8817
9280,8817
9292,8817
9300,8817
9255,8817
9257,8817
9271,8817
9254,8817
9295,8817
9273,8817
9323,8817
9225,8817
9196,8817
9239,8817
9134,8817
9347,8817
9285,8817
9305,8817
9303,8817
9244,8817
9252,8817
9243,8817
9350,8817
9282,8817
9393,8817
9217,8817
9285,8817
9250,8817
9277,8817
9204,8817
9297,8817
9319,8817
9325,8817
9238,8817
9272,8817
9327,8817
9344,8817
9279,8817
9267,8817
9281,8817
9300,8817
9371,8817
9189,8817
9214,8817
9238,8817
9223,8817
9247,8817
9247,8817
9283,8817
9337,8817
9281,8817
9167,8817
9299,8817
9283,8817
9276,8817
9331,8817
9242,8817
9228,8817
9215,8817
9264,8817
9255,8817
9314,8817
9263,8817
9248,8817
9247,8817
9249,8817
9322,8817
9214,8817
9161,8817
9195,8817
9270,8817
9347,8817
9289,8817
9305,8817
9235,8817
9237,8817
9282,8817
9259,8817
9281,8817
9272,8817
9230,8817
9247,8817
9264,8817
9306,8817
9285,8817
9379,8817
9303,8817
9283,8817
9323,8817
9384,8817
9296,8817
9260,8817
9241,8817
9270,8817
9407,8817
9338,8817
9169,8817
9303,8817
9213,8817
9269,8817
9323,8817
9283,8817
9324,8817
9248,8817
9207,8817
9276,8817
9285,8817
9368,8817
9271,8817
9233,8817
9200,8817
9382,8817
9273,8817
9366,8817
9332,8817
9313,8817
9265,8817
9287,8817
9268,8817
9228,8817
9234,8817
9202,8817
9164,8817
9179,8817
9283,8817
9213,8817
9263,8817
9225,8817
9294,8817
9318,8817
9312,8817
9303,8817
9352,8817
9265,8817
9288,8817
9441,8817
9236,8817
9276,8817
9230,8817
9215,8817
9330,8817
9334,8817
9318,8817
9386,8817
9390,8817
9287,8817
9233,8817
9249,8817
9297,8817
9293,8817
9251,8817
9170,8817
9213,8817
9278,8817
9264,8817
9296,8817
9282,8817
9255,8817
9253,8817
9437,8817
9296,8817
9272,8817
9220,8817
9202,8817
9371,8817
9291,8817
9317,8817
9280,8817
9356,8817
9288,8817
9297,8817
9266,8817
9270,8817
9368,8817
9304,8817
9345,8817
9311,8817
9272,8817
9315,8817
9360,8817
9299,8817
9286,8817
9274,8817
9251,8817
9325,8817
9344,8817
9255,8817
9238,8817
9214,8817
9261,8817
9250,8817
9328,8817
9299,8817
9238,8817
9259,8817
9299,8817
9233,8817
9339,8817
9290,8817
9245,8817
9351,8817
9219,8817
9221,8817
9207,8817
9180,8817
9323,8817
9230,8817
9265,8817
9284,8817
9245,8817
9258,8817
9283,8817
9327,8817
9275,8817
9228,8817
9272,8817
9347,8817
9317,8817
9260,8817
9358,8817
9340,8817
9310,8817
9257,8817
9286,8817
9310,8817
9333,8817
9171,8817
9197,8817
9371,8817
9296,8817
9216,8817
9180,8817
9298,8817
9297,8817
9225,8817
9282,8817
9253,8817
9339,8817
9296,8817
9383,8817
9356,8817
9339,8817
9237,8817
9355,8817
9341,8817
9379,8817
9211,8817
9292,8817
9281,8817
9259,8817
9186,8817
9285,8817
9286,8817
9272,8817
9265,8817
9268,8817
9245,8817
9237,8817
9318,8817
9283,8817
9236,8817
9251,8817
9270,8817
9313,8817
9322,8817
9257,8817
9292,8817
9400,8817
9185,8817
9225,8817
9307,8817
9269,8817
9348,8817
9275,8817
9283,8817
9339,8817
9368,8817
9314,8817
9228,8817
9250,8817
9274,8817
9308,8817
9207,8817
9277,8817
9371,8817
9307,8817
9258,8817
9193,8817
9317,8817
9265,8817
9342,8817
9412,8817
9293,8817
9161,8817
9241,8817
9292,8817
9299,8817
9279,8817
9209,8817
9330,8817
9325,8817
9239,8817
9342,8817
9302,8817
9301,8817
9356,8817
9192,8817
9357,8817
9360,8817
9255,8817
9280,8817
9231,8817
9346,8817
9305,8817
9315,8817
9240,8817
9205,8817
9298,8817
9250,8817
9229,8817
9290,8817
9274,8817
9297,8817
9283,8817
9344,8817
9318,8817
9189,8817
9263,8817
9248,8817
9278,8817
9209,8817
9290,8817
9319,8817
9208,8817
9309,8817
9272,8817
9302,8817
9222,8817
9270,8817
9333,8817
9311,8817
9300,8817
9295,8817
9283,8817
9204,8817
9283,8817
9300,8817
9268,8817
9280,8817
9254,8817
9301,8817
9283,8817
9258,8817
9408,8817
9343,8817
9294,8817
9418,8817
9269,8817
9285,8817
9192,8817
9283,8817
9345,8817
9266,8817
9324,8817
9265,8817
9328,8817
9337,8817
9314,8817
9341,8817
9365,8817
9340,8817
9262,8817
9248,8817
9366,8817
9275,8817
9256,8817
9211,8817
9149,8817
9261,8817
9248,8817
9313,8817
9300,8817
9295,8817
9285,8817
9204,8817
9292,8817
9224,8817
9256,8817
9233,8817
9299,8817
9310,8817
9245,8817
9298,8817
9179,8817
9192,8817
9301,8817
9379,8817
9345,8817
9296,8817
9298,8817
9248,8817
9253,8817
9250,8817
9314,8817
9251,8817
9242,8817
9330,8817
9286,8817
9246,8817
9283,8817
9183,8817
9208,8817
9264,8817
9258,8817
9243,8817
9326,8817
9262,8817
9258,8817
9215,8817
9250,8817
9255,8817
9129,8817
9220,8817
9428,8817
9250,8817
9200,8817
9296,8817
9323,8817
9336,8817
9259,8817
9234,8817
9271,8817
9249,8817
9256,8817
9268,8817
9357,8817
9324,8817
9287,8817
9264,8817
9369,8817
9336,8817
9417,8817
9285,8817
9324,8817
9307,8817
9308,8817
9190,8817
9336,8817
9282,8817
9247,8817
9253,8817
9228,8817
9305,8817
9207,8817
9264,8817
9277,8817
9320,8817
9410,8817
9320,8817
9308,8817
9220,8817
9280,8817
9237,8817
9191,8817
9345,8817
9331,8817
9362,8817
9196,8817
9287,8817
9179,8817
9201,8817
9247,8817
9289,8817
9257,8817
9308,8817
9216,8817
9341,8817
9260,8817
9292,8817
9215,8817
9272,8817
9263,8817
9251,8817
9241,8817
9352,8817
9241,8817
9312,8817
9205,8817
9241,8817
9310,8817
9322,8817
9381,8817
9336,8817
9314,8817
9319,8817
9223,8817
9296,8817
9223,8817
9149,8817
9313,8817
9190,8817
9287,8817
9186,8817
9380,8817
9402,8817
9340,8817
9356,8817
9291,8817
9330,8817
9204,8817
9256,8817
9261,8817
9273,8817
9241,8817
9259,8817
9226,8817
9323,8817
9309,8817
9251,8817
9274,8817
9313,8817
9330,8817
9347,8817
9289,8817
9252,8817
9223,8817
9315,8817
9398,8817
9373,8817
9351,8817
9282,8817
9247,8817
9263,8817
9269,8817
9261,8817
9285,8817
9208,8817
9243,8817
9333,8817
9304,8817
9188,8817
9179,8817
9164,8817
9306,8817
9322,8817
9291,8817
9291,8817
9334,8817
9276,8817
9228,8817
9170,8817
9198,8817
9247,8817
9200,8817
9229,8817
9225,8817
9259,8817
9259,8817
9321,8817
9235,8817
9327,8817
9258,8817
9383,8817
9341,8817
9327,8817
9270,8817
9334,8817
9230,8817
9209,8817
9284,8817
9274,8817
9271,8817
9219,8817
9248,8817
9297,8817
9281,8817
9257,8817
9234,8817
9180,8817
9264,8817
9329,8817
9269,8817
9377,8817
9192,8817
9257,8817
9204,8817
9231,8817
9312,8817
9215,8817
9276,8817
9217,8817
9227,8817
9209,8817
9231,8817
9280,8817
9332,8817
9401,8817
9324,8817
9319,8817
9326,8817
9359,8817
9235,8817
9180,8817
9254,8817
9223,8817
9262,8817
9281,8817
9261,8817
9195,8817
9238,8817
9167,8817
9223,8817
9282,8817
9319,8817
9277,8817
9235,8817
9280,8817
9330,8817
9332,8817
9270,8817
9333,8817
9208,8817
9272,8817
9234,8817
9296,8817
9304,8817
9340,8817
9360,8817
9243,8817
9311,8817
9158,8817
9242,8817
9301,8817
9271,8817
9218,8817
9319,8817
9199,8817
9255,8817
9257,8817
9291,8817
9247,8817
9238,8817
9263,8817
9256,8817
9256,8817
9215,8817
9280,8817
9267,8817
9324,8817
9328,8817
9250,8817
9329,8817
9387,8817
9264,8817
9260,8817
9202,8817
9312,8817
9296,8817
9201,8817
9212,8817
9191,8817
9284,8817
9339,8817
9288,8817
9245,8817
9306,8817
9321,8817
9240,8817
9307,8817
9331,8817
9341,8817
9187,8817
9293,8817
9361,8817
9310,8817
9226,8817
9328,8817
9288,8817
9212,8817
9334,8817
9263,8817
9315,8817
9235,8817
9269,8817
9315,8817
9311,8817
9266,8817
9288,8817
9228,8817
9330,8817
9264,8817
9298,8817
9200,8817
9283,8817
9263,8817
9289,8817
9296,8817
9299,8817
9233,8817
9351,8817
9212,8817
9182,8817
9236,8817
9282,8817
9256,8817
9227,8817
9294,8817
9274,8817
9295,8817
9322,8817
9312,8817
9233,8817
9291,8817
9281,8817
9284,8817
9347,8817
9180,8817
9268,8817
9240,8817
9236,8817
9267,8817
9238,8817
9224,8817
