30611,
26366,
29224,
25934,
28190,
24467,
27478,
23339,
26733,
22469,
26188,
22469,
25781,
22469,
25283,
21373,
24836,
20882,
24020,
20296,
23374,
20296,
22250,
20296,
21486,
20296,
20888,
19583,
20388,
19583,
20018,
18963,
19722,
17927,
19388,
17927,
18987,
17927,
18428,
17808,
18032,
17761,
17921,
17761,
17863,
17642,
17790,
17642,
17729,
17642,
17644,
17370,
17631,
17370,
17606,
17370,
17496,
17156,
17357,
17156,
17253,
16745,
17144,
16745,
16976,
16708,
16757,
16708,
16743,
16708,
16719,
16708,
16710,
16708,
16715,
16708,
16708,
16708,
16708,
16708,
16709,
16708,
16708,
16708,
16709,
16708,
16711,
16708,
16718,
16708,
16724,
16708,
16713,
16706,
16740,
16706,
16708,
16706,
16714,
16706,
16710,
16706,
16716,
16706,
16714,
16706,
16710,
16706,
16706,
16706,
16706,
16706,
16714,
16706,
16706,
16706,
16709,
16706,
16703,
16359,
16692,
16359,
16656,
16247,
16486,
16247,
16344,
16247,
16292,
16247,
16251,
16247,
16259,
16247,
16262,
16237,
16265,
16237,
16245,
16237,
16240,
16237,
16265,
16237,
16240,
16237,
16238,
16237,
16247,
16095,
16246,
16095,
16229,
16095,
16167,
16030,
16119,
16008,
16140,
15990,
16083,
15990,
16094,
15921,
16047,
15892,
16148,
15892,
16367,
15415,
16287,
15383,
15900,
15383,
15665,
15383,
15392,
15383,
15392,
15383,
15384,
15383,
15410,
15383,
15398,
15383,
15396,
15383,
15383,
15383,
15392,
15223,
15376,
15223,
15356,
15223,
15285,
15223,
15223,
15038,
15249,
15038,
15302,
15038,
15444,
15038,
15513,
14564,
15217,
14502,
15063,
14462,
15031,
14462,
14731,
14462,
14468,
14462,
14462,
14462,
14479,
14462,
14469,
14462,
14458,
13977,
14440,
13977,
14339,
13977,
14069,
13977,
13987,
13977,
13977,
13977,
13983,
13977,
13992,
13977,
13977,
13977,
13999,
13977,
13977,
13977,
13989,
13977,
13977,
13977,
13993,
13977,
13977,
13977,
13977,
13977,
13979,
13977,
13984,
13977,
13980,
13977,
13983,
13977,
13992,
13977,
13977,
13977,
13983,
13977,
13977,
13977,
13985,
13977,
13990,
13977,
13977,
13977,
13981,
13977,
13977,
13977,
13977,
13977,
13978,
13977,
13987,
13977,
13981,
13977,
13981,
13977,
13983,
13977,
13979,
13977,
13980,
13977,
13983,
13430,
13956,
13384,
13877,
13346,
13664,
13165,
13390,
13081,
13314,
13035,
13172,
13035,
13083,
13035,
13047,
13035,
13041,
13035,
13044,
13035,
13035,
13035,
13046,
13035,
13035,
13035,
13044,
13035,
13039,
12955,
13038,
12955,
13069,
12865,
13056,
12799,
12978,
12799,
12951,
12799,
12894,
12799,
12868,
12799,
12870,
12799,
12876,
12799,
12865,
12799,
12881,
12799,
12883,
12799,
12867,
12799,
12865,
12799,
12877,
12799,
12864,
12799,
12896,
12799,
12914,
12658,
12881,
12658,
12829,
12658,
12724,
12656,
12668,
12656,
12686,
12656,
12683,
12656,
12663,
12656,
12656,
12656,
12664,
12656,
12656,
12656,
12656,
12656,
12656,
12656,
12665,
12656,
12675,
12656,
12671,
12656,
12666,
12656,
12659,
12656,
12663,
12656,
12658,
12656,
12656,
12656,
12656,
12656,
12665,
12656,
12655,
12509,
12668,
12509,
12679,
12509,
12643,
12509,
12642,
12509,
12516,
12509,
12509,
12509,
12511,
12509,
12529,
12509,
12511,
12509,
12515,
12509,
12509,
12509,
12527,
12509,
12514,
12509,
12522,
12509,
12525,
12509,
12531,
12509,
12510,
12509,
12525,
12509,
12510,
12509,
12514,
12471,
12532,
12471,
12530,
12471,
12539,
12471,
12521,
12471,
12494,
12471,
12494,
12471,
12502,
12464,
12529,
12464,
12545,
12464,
12705,
12464,
12745,
12464,
12467,
12464,
12465,
12464,
12464,
12464,
12467,
12464,
12482,
12464,
12464,
12464,
12490,
12461,
12533,
12461,
12469,
12391,
12462,
12391,
12462,
12391,
12440,
12391,
12413,
12391,
12397,
12391,
12399,
12391,
12403,
12391,
12391,
12391,
12391,
12391,
12391,
12391,
12391,
12391,
12398,
12391,
12402,
12391,
12391,
12391,
12412,
12391,
12394,
12391,
12396,
12391,
12401,
12391,
12395,
12391,
12391,
12391,
12397,
12391,
12400,
12391,
12391,
12391,
12396,
12391,
12403,
12391,
12398,
12391,
12414,
12391,
12391,
12391,
12408,
12391,
12396,
12391,
12391,
12391,
12393,
12391,
12402,
12391,
12409,
12391,
12406,
12391,
12403,
12391,
12391,
12391,
12396,
12391,
12391,
12391,
12391,
12391,
12403,
12391,
12394,
12391,
12403,
12391,
12391,
12391,
12391,
12391,
12395,
12391,
12396,
12391,
12412,
12391,
12391,
12391,
12405,
12391,
12393,
12391,
12393,
12391,
12392,
12391,
12399,
12391,
12412,
12391,
12391,
12391,
12398,
12391,
12406,
12391,
12391,
12391,
12404,
12391,
12391,
12391,
12390,
12295,
12400,
12295,
12380,
12251,
12359,
12251,
12290,
12251,
12271,
12251,
12269,
12251,
12253,
12251,
12266,
12251,
12253,
12251,
12252,
12251,
12253,
12251,
12251,
12251,
12258,
12251,
12271,
12251,
12267,
12251,
12251,
12251,
12251,
12251,
12251,
12251,
12251,
12251,
12266,
12251,
12261,
12251,
12251,
12251,
12263,
12251,
12252,
12251,
12264,
12251,
12286,
12251,
12256,
12251,
12262,
12251,
12254,
12251,
12260,
12251,
12291,
12157,
12253,
12157,
12296,
12157,
12259,
12157,
12231,
12157,
12162,
12157,
12173,
12157,
12161,
12157,
12156,
12027,
12184,
12027,
12156,
12027,
12276,
12027,
12264,
11990,
12067,
11719,
12029,
11719,
12056,
11719,
11940,
11462,
11819,
11462,
11727,
11462,
11754,
11462,
11655,
11462,
11467,
11332,
11462,
11332,
11435,
11332,
11369,
11332,
11343,
11332,
11341,
11332,
11338,
11332,
11343,
11332,
11338,
11332,
11348,
11332,
11332,
11332,
11342,
11332,
11334,
11332,
11348,
11332,
11337,
11332,
11335,
11332,
11332,
11332,
11334,
11332,
11349,
11332,
11344,
11332,
11352,
11332,
11334,
11332,
11332,
11332,
11349,
11332,
11332,
11332,
11335,
11332,
11332,
11332,
11333,
11332,
11334,
11332,
11342,
11297,
11331,
11297,
11348,
11297,
11323,
11297,
11322,
11297,
11302,
11297,
11298,
11297,
11297,
11297,
11297,
11297,
11300,
11297,
11299,
11280,
11311,
11280,
11308,
11280,
11285,
11280,
11289,
11280,
11284,
11280,
11282,
11280,
11280,
11280,
11284,
11280,
11280,
11280,
11284,
11280,
11300,
11280,
11286,
11280,
11287,
11280,
11284,
11280,
11284,
11280,
11298,
11280,
11285,
11280,
11292,
11280,
11293,
11280,
11280,
11280,
11280,
11280,
11284,
11280,
11282,
11280,
11280,
11280,
11280,
11280,
11284,
11280,
11301,
11280,
11282,
11280,
11289,
11280,
11280,
11280,
11289,
11280,
11296,
11280,
11300,
11280,
11283,
11280,
11280,
11280,
11280,
11280,
11286,
11280,
11293,
11280,
11280,
11280,
11284,
11280,
11285,
11280,
11282,
11280,
11288,
11280,
11280,
11280,
11280,
11280,
11280,
11280,
11292,
11280,
11280,
11136,
11278,
11136,
11274,
11136,
11254,
11136,
11157,
11136,
11155,
11136,
11136,
11136,
11138,
11136,
11141,
11136,
11136,
11136,
11136,
11136,
11137,
11136,
11142,
11136,
11155,
11136,
11136,
11136,
11137,
11136,
11136,
11136,
11136,
11136,
11138,
11136,
11136,
11136,
11146,
11136,
11137,
11136,
11136,
11136,
11138,
11136,
11136,
11136,
11162,
11136,
11143,
11136,
11140,
11024,
11139,
11024,
11126,
11024,
11093,
11024,
11040,
11024,
11024,
11024,
11029,
11024,
11036,
11024,
11024,
11024,
11024,
11024,
11044,
11024,
11032,
11024,
11030,
11024,
11027,
11024,
11045,
11024,
11028,
11024,
11030,
11024,
11025,
11024,
11036,
11024,
11024,
11024,
11026,
11024,
11037,
11024,
11028,
11024,
11028,
11024,
11027,
11024,
11029,
11024,
11024,
11024,
11024,
11024,
11024,
11024,
11037,
11024,
11045,
11024,
11024,
11024,
11044,
11024,
11024,
11024,
11051,
11024,
11040,
11024,
11030,
11024,
11036,
11024,
11035,
11024,
11024,
11024,
11024,
11024,
11039,
11024,
11025,
11024,
11024,
11024,
11024,
11024,
11036,
11024,
11048,
11024,
11042,
11024,
11029,
11024,
11046,
11024,
11026,
11024,
11029,
11024,
11028,
11024,
11024,
11024,
11027,
11024,
11053,
11024,
11037,
11024,
11024,
11024,
11024,
11024,
11051,
11024,
11035,
11024,
11022,
10866,
11018,
10866,
10998,
10866,
10921,
10866,
10879,
10866,
10877,
10866,
10875,
10866,
10889,
10866,
10873,
10866,
10888,
10866,
10883,
10866,
10887,
10866,
10874,
10866,
10876,
10866,
10874,
10866,
10884,
10866,
10866,
10866,
10885,
10866,
10883,
10866,
10866,
10866,
10871,
10866,
10870,
10866,
10875,
10866,
10872,
10866,
10894,
10866,
10871,
10866,
10867,
10866,
10865,
10763,
10864,
10763,
10855,
10763,
10803,
10763,
10767,
10763,
10770,
10677,
10763,
10677,
10769,
10677,
10763,
10677,
10771,
10677,
10764,
10677,
10775,
10677,
10781,
10677,
10763,
10677,
10767,
10677,
10763,
10677,
10765,
10677,
10763,
10677,
10763,
10677,
10763,
10677,
10766,
10677,
10794,
10677,
10783,
10677,
10777,
10677,
10763,
10677,
10770,
10677,
10767,
10677,
10763,
10677,
10779,
10677,
10763,
10677,
10763,
10677,
10763,
10677,
10763,
10677,
10782,
10677,
10772,
10677,
10768,
10677,
10789,
10677,
10790,
10677,
10775,
10677,
10763,
10677,
10773,
10677,
10769,
10677,
10763,
10677,
10765,
10677,
10770,
10677,
10764,
10677,
10783,
10677,
10768,
10677,
10763,
10677,
10779,
10677,
10763,
10677,
10775,
10677,
10781,
10677,
10764,
10677,
10767,
10677,
10763,
10677,
10763,
10677,
10775,
10677,
10767,
10677,
10786,
10677,
10763,
10677,
10789,
10677,
10764,
10677,
10771,
10677,
10751,
10677,
10747,
10677,
10747,
10677,
10753,
10677,
10747,
10677,
10743,
10677,
10751,
10677,
10749,
10677,
10743,
10677,
10753,
10677,
10743,
10677,
10751,
10677,
10771,
10677,
10743,
10677,
10743,
10677,
10760,
10677,
10743,
10677,
10749,
10677,
10752,
10677,
10756,
10677,
10745,
10677,
10743,
10677,
10752,
10677,
10754,
10677,
10754,
10677,
10755,
10677,
10743,
10677,
10750,
10677,
10756,
10677,
10743,
10677,
10756,
10677,
10763,
10677,
10755,
10677,
10744,
10677,
10756,
10677,
10745,
10677,
10746,
10677,
10743,
10677,
10743,
10677,
10755,
10677,
10754,
10677,
10772,
10677,
10770,
10677,
10753,
10677,
10743,
10677,
10752,
10677,
10754,
10677,
10747,
10677,
10750,
10677,
10747,
10677,
10742,
10648,
10757,
10648,
10754,
10648,
10730,
10648,
10685,
10648,
10648,
10648,
10669,
10648,
10654,
10648,
10652,
10648,
10648,
10648,
10649,
10648,
10665,
10648,
10648,
10648,
10659,
10648,
10648,
10648,
10650,
10648,
10659,
10648,
10655,
10648,
10653,
10648,
10657,
10648,
10648,
10648,
10652,
10205,
10626,
10205,
10583,
10205,
10413,
10205,
10208,
10205,
10211,
10205,
10208,
10205,
10227,
10205,
10207,
10205,
10208,
10205,
10212,
10205,
10216,
10205,
10205,
10205,
10224,
10205,
10208,
10205,
10220,
10205,
10207,
10205,
10206,
10205,
10205,
10205,
10211,
10205,
10222,
10205,
10215,
10205,
10217,
10205,
10222,
10205,
10223,
10205,
10205,
10205,
10216,
10205,
10223,
10205,
10228,
10205,
10208,
10205,
10216,
10205,
10205,
10205,
10209,
10205,
10206,
10205,
10211,
10205,
10219,
10205,
10220,
10205,
10217,
10205,
10218,
10205,
10205,
10205,
10206,
10205,
10209,
10205,
10211,
10205,
10207,
10205,
10221,
10205,
10205,
10205,
10205,
10205,
10224,
10205,
10210,
10205,
10226,
10205,
10206,
10205,
10205,
10205,
10222,
10205,
10205,
10205,
10205,
10205,
10218,
10205,
10212,
10205,
10217,
10205,
10205,
10205,
10205,
10205,
10208,
10205,
10228,
10205,
10236,
10205,
10214,
10205,
10244,
10205,
10211,
10205,
10215,
10205,
10223,
10205,
10218,
10205,
10218,
10205,
10210,
10205,
10212,
10205,
10219,
10194,
10209,
10194,
10210,
10194,
10208,
10194,
10194,
10194,
10211,
10194,
10199,
10194,
10197,
10194,
10199,
10194,
10200,
10194,
10194,
10194,
10207,
10194,
10213,
10194,
10201,
10194,
10194,
10194,
10194,
10194,
10194,
10194,
10222,
10194,
10201,
10194,
10210,
10194,
10194,
10194,
10197,
10194,
10199,
10194,
10198,
10194,
10198,
10194,
10208,
10194,
10219,
10194,
10195,
10194,
10204,
10194,
10195,
10194,
10202,
10194,
10194,
10194,
10194,
10194,
10200,
10194,
10200,
10194,
10194,
10194,
10209,
10178,
10200,
10178,
10201,
10178,
10226,
10178,
10189,
10178,
10191,
10178,
10182,
10178,
10178,
10178,
10178,
10178,
10186,
10178,
10201,
10178,
10178,
10178,
10181,
10178,
10193,
10178,
10190,
10178,
10186,
10178,
10178,
10178,
10178,
10178,
10190,
10178,
10193,
10178,
10178,
10178,
10186,
10178,
10197,
10178,
10178,
10178,
10178,
10178,
10187,
10178,
10178,
10178,
10178,
10178,
10184,
10178,
10178,
10178,
10178,
10178,
10178,
10178,
10191,
10178,
10178,
10178,
10185,
10111,
10185,
10111,
10160,
10094,
10127,
10094,
10118,
10094,
10143,
10092,
10134,
10092,
10102,
10092,
10093,
10092,
10119,
10092,
10095,
10092,
10098,
10092,
10095,
10092,
10102,
10092,
10095,
10092,
10096,
10092,
10104,
10092,
10092,
10092,
10104,
10092,
10094,
10092,
10097,
10092,
10106,
10092,
10101,
10092,
10098,
10092,
10093,
10092,
10099,
10092,
10092,
10092,
10092,
10092,
10103,
10092,
10109,
10092,
10098,
10092,
10092,
10092,
10104,
10092,
10094,
10092,
10092,
10092,
10092,
10092,
10100,
10092,
10092,
10092,
10095,
10092,
10097,
10092,
10123,
10092,
10101,
10092,
10100,
10092,
10101,
10092,
10097,
10092,
10098,
10092,
10095,
10092,
10092,
10092,
10116,
10092,
10092,
10092,
10124,
10092,
10092,
10092,
10092,
10092,
10096,
10092,
10116,
10092,
10093,
10092,
10097,
10092,
10094,
10092,
10113,
10092,
10102,
10092,
10115,
10092,
10092,
10092,
10105,
10092,
10104,
10092,
10102,
10092,
10109,
10092,
10092,
10092,
10109,
10092,
10092,
10092,
10104,
10092,
10107,
10092,
10124,
10092,
10107,
10092,
10092,
10092,
10101,
10092,
10097,
10092,
10104,
10092,
10111,
10092,
10103,
10092,
10093,
10092,
10102,
10092,
10106,
10092,
10100,
10092,
10110,
10092,
10104,
10092,
10099,
10092,
10104,
10092,
10092,
10092,
10092,
10092,
10103,
10092,
10092,
10092,
10105,
10092,
10107,
10092,
10098,
10092,
10100,
10092,
10110,
10092,
10092,
10092,
10092,
10092,
10106,
10092,
10098,
10092,
10097,
10086,
10105,
10086,
10106,
10086,
10088,
10086,
10112,
10086,
10093,
10086,
10092,
10086,
10087,
10086,
10086,
10086,
10090,
10086,
10100,
10086,
10095,
10086,
10096,
10086,
10086,
10086,
10094,
10086,
10086,
10086,
10093,
10086,
10092,
10086,
10090,
10086,
10086,
10086,
10095,
10086,
10104,
10086,
10099,
10086,
10105,
10086,
10104,
10086,
10097,
10086,
10086,
10086,
10092,
10086,
10090,
10086,
10096,
10086,
10109,
10086,
10108,
10086,
10086,
10086,
10091,
10086,
10101,
10086,
10092,
10086,
10086,
10086,
10090,
10086,
10104,
10086,
10086,
10086,
10087,
10086,
10107,
10086,
10092,
10086,
10086,
10086,
10122,
10086,
10089,
10086,
10100,
10086,
10095,
10086,
10095,
10086,
10095,
10086,
10094,
10086,
10086,
10086,
10099,
10086,
10111,
10086,
10090,
10069,
10099,
10069,
10126,
10069,
10110,
10069,
10072,
10069,
10072,
10069,
10076,
10069,
10069,
10069,
10070,
10069,
