30688,
26747,
29333,
25566,
28365,
24932,
27814,
24080,
27440,
24080,
27194,
22306,
26523,
22090,
26069,
22090,
25231,
20660,
24200,
20511,
23225,
20511,
22384,
20466,
21676,
19843,
21109,
19177,
20476,
18431,
19838,
18164,
19283,
17438,
18857,
16533,
18376,
16533,
17730,
16533,
17325,
16533,
16992,
16316,
16855,
16316,
16679,
16316,
16632,
16316,
16336,
16316,
16320,
16316,
16324,
16316,
16336,
16316,
16328,
16298,
16315,
16298,
16354,
16172,
16387,
16039,
16361,
16039,
16331,
16039,
16389,
15905,
16365,
15905,
16105,
15905,
16049,
15905,
15946,
15758,
15958,
15758,
15949,
15747,
16032,
15747,
16104,
15504,
16052,
15504,
15842,
15504,
15792,
15504,
15561,
15504,
15520,
15504,
15513,
15504,
15504,
15504,
15504,
15504,
15517,
15504,
15507,
15504,
15503,
15360,
15557,
15360,
15527,
15360,
15572,
15269,
15558,
15269,
15583,
14942,
15497,
14942,
15362,
14942,
15259,
14942,
15077,
14942,
14943,
14879,
14940,
14879,
14937,
14879,
14920,
14879,
14889,
14879,
14903,
14879,
14879,
14879,
14879,
14879,
14885,
14879,
14887,
14863,
14977,
14863,
14877,
14863,
14874,
14863,
14874,
14863,
14871,
14863,
14875,
14863,
14879,
14863,
14872,
14813,
14876,
14813,
14940,
14813,
14928,
14798,
14862,
14798,
14825,
14798,
14835,
14798,
14856,
14798,
14852,
14682,
14795,
14682,
14802,
14494,
14744,
14490,
14613,
14490,
14517,
14490,
14499,
14490,
14502,
14490,
14490,
14471,
14497,
14471,
14617,
14471,
14538,
14424,
14680,
14424,
14622,
14424,
14914,
14424,
14848,
14146,
14840,
14146,
14769,
14146,
14454,
14096,
14190,
14096,
14148,
14096,
14133,
14096,
14102,
14096,
14102,
14096,
14114,
14096,
14096,
14096,
14096,
14096,
14113,
14096,
14096,
14096,
14097,
14096,
14106,
14096,
14105,
14096,
14111,
14096,
14098,
14059,
14118,
14059,
14171,
14059,
14129,
13739,
14285,
13469,
14258,
13469,
14178,
13384,
14148,
13261,
14132,
13149,
14130,
13064,
13613,
13064,
13241,
13064,
13096,
13064,
13064,
13064,
13082,
13064,
13068,
13036,
13070,
13036,
13066,
12897,
13090,
12744,
13194,
12744,
13343,
12744,
13562,
12744,
13118,
12744,
12793,
12744,
12752,
12744,
12763,
12744,
12752,
12744,
12756,
12735,
12757,
12735,
12757,
12735,
12766,
12735,
12764,
12735,
12746,
12590,
12738,
12590,
12736,
12590,
12750,
12590,
12722,
12590,
12746,
12590,
12599,
12590,
12603,
12590,
12614,
12590,
12610,
12590,
12602,
12590,
12590,
12590,
12630,
12590,
12614,
12590,
12602,
12590,
12599,
12580,
12590,
12549,
12606,
12549,
12583,
12549,
12582,
12546,
12552,
12546,
12561,
12546,
12565,
12546,
12546,
12546,
12553,
12546,
12548,
12546,
12552,
12546,
12546,
12546,
12548,
12546,
12549,
12546,
12555,
12546,
12556,
12546,
12567,
12546,
12546,
12546,
12547,
12546,
12562,
12546,
12560,
12546,
12558,
12546,
12546,
12546,
12547,
12546,
12549,
12546,
12546,
12546,
12574,
12546,
12559,
12546,
12546,
12546,
12551,
12546,
12546,
12546,
12549,
12546,
12546,
12546,
12548,
12324,
12554,
12324,
12537,
12290,
12499,
12250,
12382,
12250,
12299,
12205,
12285,
12205,
12261,
12205,
12237,
12205,
12217,
12205,
12206,
12205,
12211,
12205,
12205,
12205,
12222,
12205,
12210,
12205,
12205,
12205,
12209,
12205,
12204,
12204,
12208,
12204,
12212,
12204,
12220,
12204,
12207,
12204,
12211,
12204,
12223,
12204,
12204,
12199,
12224,
12199,
12222,
12199,
12273,
12184,
12274,
12184,
12271,
12184,
12293,
12184,
12203,
12184,
12184,
12184,
12199,
12184,
12189,
12184,
12193,
12184,
12194,
12184,
12196,
12184,
12193,
12184,
12191,
12184,
12191,
12184,
12184,
12184,
12190,
12184,
12184,
12184,
12195,
12184,
12185,
12145,
12199,
12145,
12198,
11987,
12142,
11987,
12074,
11987,
12014,
11987,
11987,
11987,
11996,
11987,
12002,
11987,
11993,
11987,
12003,
11831,
11997,
11831,
12003,
11831,
11913,
11831,
11837,
11831,
11834,
11831,
11831,
11831,
11832,
11831,
11831,
11831,
11851,
11831,
11831,
11831,
11833,
11831,
11844,
11831,
11850,
11831,
11844,
11831,
11840,
11831,
11831,
11831,
11856,
11827,
11860,
11827,
11836,
11827,
11831,
11827,
11840,
11827,
11831,
11827,
11839,
11827,
11831,
11827,
11853,
11827,
11833,
11821,
11830,
11821,
11830,
11821,
11824,
11821,
11834,
11821,
11821,
11821,
11842,
11821,
11821,
11821,
11824,
11821,
11821,
11821,
11821,
11821,
11821,
11821,
11830,
11821,
11824,
11821,
11833,
11821,
11841,
11821,
11820,
11750,
11825,
11750,
11856,
11750,
11866,
11750,
11791,
11750,
11769,
11750,
11750,
11750,
11750,
11750,
11750,
11750,
11750,
11750,
11749,
11736,
11764,
11736,
11823,
11736,
11815,
11736,
11738,
11736,
11736,
11736,
11742,
11736,
11749,
11736,
11739,
11736,
11743,
11736,
11741,
11736,
11750,
11736,
11743,
11736,
11736,
11736,
11760,
11736,
11736,
11736,
11745,
11736,
11742,
11736,
11736,
11736,
11737,
11736,
11742,
11736,
11744,
11736,
11744,
11736,
11739,
11736,
11753,
11736,
11756,
11736,
11736,
11736,
11736,
11736,
11736,
11736,
11759,
11736,
11750,
11736,
11745,
11729,
11738,
11574,
11793,
11574,
11826,
11569,
11690,
11569,
11636,
11569,
11570,
11569,
11569,
11569,
11569,
11569,
11569,
11569,
11569,
11569,
11569,
11569,
11569,
11569,
11574,
11569,
11576,
11569,
11582,
11569,
11588,
11569,
11574,
11569,
11585,
11569,
11576,
11569,
11588,
11569,
11574,
11569,
11569,
11569,
11571,
11497,
11578,
11497,
11563,
11497,
11531,
11497,
11518,
11497,
11503,
11497,
11501,
11497,
11497,
11497,
11516,
11497,
11508,
11470,
11540,
11470,
11658,
11470,
11557,
11470,
11644,
11470,
11693,
11470,
11619,
11470,
11477,
11470,
11505,
11470,
11470,
11470,
11476,
11470,
11483,
11470,
11494,
11470,
11488,
11470,
11481,
11470,
11479,
11470,
11473,
11470,
11488,
11470,
11473,
11470,
11470,
11470,
11484,
11470,
11483,
11470,
11470,
11470,
11493,
11470,
11478,
11470,
11485,
11470,
11491,
11470,
11470,
11470,
11470,
11470,
11473,
11470,
11485,
11470,
11479,
11470,
11470,
11470,
11470,
11470,
11473,
11470,
11494,
11470,
11470,
11470,
11472,
11470,
11476,
11470,
11479,
11470,
11475,
11470,
11470,
11470,
11470,
11470,
11483,
11470,
11470,
11470,
11471,
11470,
11475,
11470,
11500,
11470,
11474,
11470,
11476,
11470,
11473,
11470,
11476,
11470,
11472,
11470,
11475,
11470,
11471,
11470,
11481,
11470,
11479,
11470,
11470,
11470,
11479,
11470,
11470,
11470,
11472,
11470,
11469,
11435,
11468,
11435,
11477,
11420,
11455,
11409,
11442,
11409,
11432,
11394,
11412,
11394,
11411,
11394,
11399,
11394,
11414,
11394,
11405,
11394,
11414,
11349,
11436,
11349,
11435,
11349,
11378,
11349,
11350,
11349,
11350,
11349,
11349,
11349,
11364,
11349,
11353,
11349,
11349,
11349,
11349,
11349,
11349,
11349,
11349,
11349,
11349,
11349,
11357,
11349,
11350,
11349,
11357,
11349,
11349,
11349,
11367,
11349,
11349,
11349,
11351,
11349,
11358,
11349,
11349,
11349,
11365,
11349,
11349,
11349,
11356,
11349,
11355,
11349,
11361,
11349,
11358,
11349,
11353,
11349,
11361,
11349,
11365,
11303,
11350,
11303,
11352,
11303,
11329,
11303,
11312,
11303,
11305,
11204,
11395,
11204,
11520,
11204,
11601,
11204,
11612,
11204,
11232,
11096,
11204,
11096,
11225,
11096,
11197,
11096,
11188,
11096,
11109,
11096,
11107,
11096,
11108,
11096,
11106,
11096,
11131,
11096,
11096,
11096,
11098,
11096,
11105,
11096,
11104,
11096,
11104,
11096,
11097,
11096,
11098,
11096,
11096,
11096,
11096,
11096,
11098,
11096,
11096,
11096,
11113,
11096,
11111,
11096,
11118,
11096,
11096,
11096,
11105,
11096,
11105,
11096,
11096,
11096,
11096,
11096,
11096,
11096,
11100,
11096,
11101,
11096,
11104,
11096,
11123,
11096,
11105,
11096,
11105,
11096,
11096,
11096,
11109,
11096,
11102,
11096,
11115,
11096,
11119,
11096,
11104,
11096,
11096,
11096,
11095,
10803,
11095,
10803,
11087,
10803,
11023,
10803,
10865,
10803,
10814,
10803,
10803,
10803,
10805,
10803,
10816,
10803,
10822,
10803,
10806,
10803,
10809,
10803,
10811,
10803,
10826,
10803,
10809,
10803,
10803,
10803,
10803,
10803,
10804,
10803,
10806,
10803,
10803,
10803,
10801,
10641,
10817,
10641,
10828,
10641,
10814,
10641,
10813,
10641,
10816,
10641,
10803,
10641,
10816,
10641,
10803,
10641,
10804,
10641,
10803,
10641,
10807,
10641,
10803,
10641,
10808,
10641,
10809,
10641,
10803,
10641,
10814,
10641,
10820,
10641,
10816,
10641,
10803,
10641,
10825,
10641,
10808,
10641,
10815,
10641,
10803,
10641,
10803,
10641,
10803,
10641,
10803,
10641,
10817,
10641,
10803,
10641,
10821,
10641,
10820,
10641,
10846,
10641,
10929,
10641,
10923,
10641,
10886,
10641,
10869,
10641,
10795,
10641,
10802,
10641,
10802,
10641,
10790,
10641,
10801,
10641,
10790,
10641,
10791,
10641,
10790,
10641,
10797,
10641,
10793,
10641,
10802,
10641,
10792,
10641,
10790,
10641,
10797,
10641,
10790,
10641,
10798,
10641,
10794,
10641,
10790,
10641,
10790,
10641,
10798,
10641,
10807,
10641,
10804,
10641,
10790,
10641,
10798,
10641,
10790,
10641,
10806,
10641,
10799,
10641,
10790,
10641,
10793,
10641,
10798,
10641,
10790,
10641,
10794,
10641,
10797,
10641,
10803,
10641,
10799,
10641,
10796,
10641,
10798,
10641,
10793,
10641,
10802,
10641,
10795,
10567,
10787,
10567,
10786,
10567,
10700,
10567,
10576,
10567,
10575,
10567,
10576,
10567,
10571,
10567,
10567,
10567,
10567,
10567,
10567,
10567,
10589,
10567,
10567,
10567,
10575,
10567,
10574,
10567,
10585,
10567,
10567,
10567,
10579,
10567,
10567,
10567,
10583,
10567,
10574,
10567,
10581,
10567,
10567,
10567,
10580,
10567,
10578,
10567,
10592,
10567,
10570,
10567,
10582,
10567,
10573,
10567,
10569,
10567,
10567,
10567,
10578,
10567,
10604,
10567,
10575,
10567,
10573,
10567,
10596,
10567,
10579,
10567,
10567,
10567,
10576,
10567,
10571,
10567,
10572,
10567,
10578,
10567,
10571,
10567,
10571,
10567,
10577,
10567,
10583,
10567,
10567,
10567,
10571,
10567,
10572,
10567,
10567,
10567,
10574,
10567,
10567,
10567,
10583,
10567,
10574,
10567,
10572,
10567,
10571,
10567,
10573,
10567,
10577,
10567,
10567,
10567,
10567,
10567,
10567,
10567,
10571,
10567,
10574,
10567,
10574,
10562,
10586,
10562,
10566,
10562,
10565,
10562,
10562,
10562,
10562,
10562,
10575,
10562,
10575,
10562,
10582,
10562,
10562,
10562,
10561,
10550,
10572,
10550,
10583,
10550,
10560,
10516,
10564,
10516,
10554,
10496,
10530,
10496,
10522,
10496,
10507,
10496,
10514,
10496,
10500,
10496,
10523,
10496,
10496,
10496,
10497,
10496,
10495,
10470,
10504,
10470,
10490,
10470,
10515,
10470,
10470,
10470,
10470,
10470,
10495,
10470,
10474,
10470,
10471,
10470,
10485,
10470,
10485,
10470,
10471,
10470,
10473,
10470,
10471,
10470,
10474,
10470,
10497,
10470,
10471,
10470,
10473,
10470,
10470,
10470,
10471,
10470,
10470,
10470,
10487,
10470,
10477,
10470,
10490,
10470,
10485,
10470,
10487,
10470,
10477,
10470,
10489,
10470,
10492,
10470,
10503,
10470,
10478,
10470,
10480,
10470,
10476,
10470,
10471,
10470,
10489,
10470,
10476,
10470,
10470,
10470,
10485,
10470,
10484,
10470,
10481,
10470,
10485,
10470,
10472,
10470,
10470,
10470,
10474,
10439,
10503,
10409,
10566,
10409,
10636,
10409,
10616,
10409,
10527,
10409,
10578,
10409,
10440,
10409,
10439,
10409,
10439,
10409,
10452,
10409,
10458,
10409,
10439,
10409,
10458,
10409,
10442,
10409,
10447,
10409,
10454,
10409,
10447,
10409,
10439,
10409,
10439,
10409,
10476,
10409,
10446,
10409,
10461,
10409,
10448,
10409,
10441,
10409,
10454,
10409,
10439,
10409,
10439,
10409,
10444,
10409,
10459,
10409,
10440,
10409,
10439,
10409,
10464,
10409,
10442,
10409,
10440,
10409,
10462,
10409,
10467,
10409,
10445,
10409,
10444,
10409,
10439,
10409,
10453,
10409,
10439,
10409,
10453,
10409,
10449,
10409,
10442,
10409,
10457,
10409,
10446,
10409,
10439,
10409,
10448,
10409,
10451,
10409,
10450,
10409,
10464,
10409,
10439,
10409,
10439,
10409,
10439,
10409,
10445,
10409,
10445,
10409,
10446,
10409,
10460,
10409,
10446,
10409,
10443,
10409,
10452,
10409,
10439,
10409,
10460,
10409,
10450,
10409,
10444,
10409,
10450,
10409,
10438,
10342,
10436,
10342,
10413,
10342,
10366,
10342,
10342,
10342,
10351,
10342,
10354,
10342,
10347,
10342,
10344,
10342,
10342,
10342,
10342,
10342,
10342,
10342,
10345,
10342,
10353,
10342,
10357,
10342,
10363,
10342,
10347,
10342,
10344,
10342,
10342,
10342,
10361,
10342,
10350,
10342,
10344,
10342,
10342,
10342,
10342,
10342,
10358,
10342,
10355,
10342,
10349,
10342,
10344,
10342,
10345,
10342,
10348,
10342,
10348,
10342,
10364,
10342,
10346,
10342,
10342,
10342,
10342,
10342,
10351,
10342,
10361,
10342,
10356,
10342,
10354,
10342,
10374,
10342,
10343,
10342,
10349,
10342,
10342,
10342,
10353,
10342,
10342,
10342,
10342,
10342,
10356,
10342,
10347,
10342,
10342,
10342,
10354,
10342,
10352,
10342,
10347,
10342,
10345,
10342,
10350,
10342,
10342,
10342,
10359,
10342,
10354,
10342,
10360,
10342,
10342,
10342,
10351,
10342,
10366,
10342,
10344,
10342,
10342,
10342,
10358,
10342,
10375,
10342,
10342,
10342,
10352,
10342,
10356,
10342,
10344,
10342,
10342,
10342,
10350,
10342,
10342,
10342,
10361,
10342,
10385,
10342,
10358,
10342,
10342,
10342,
10349,
10342,
10348,
10342,
10345,
10342,
10385,
10342,
10345,
10342,
10360,
10342,
10345,
10342,
10359,
10342,
10354,
10342,
10342,
10342,
10342,
10342,
10342,
10342,
10342,
10202,
10348,
10202,
10343,
10202,
10356,
10202,
10274,
10202,
10207,
10202,
10205,
10202,
10214,
10202,
10205,
10202,
10209,
10202,
10202,
10202,
10211,
10202,
10202,
10202,
10202,
10202,
10214,
10202,
10205,
10202,
10202,
10202,
10209,
10202,
10209,
10202,
10223,
10202,
10202,
10202,
10205,
10202,
10210,
10202,
10230,
10202,
10205,
10202,
10208,
10202,
10205,
10202,
10221,
10202,
10215,
10202,
10215,
10202,
10227,
10202,
10205,
10202,
10209,
10202,
10210,
10202,
10204,
10202,
10205,
10202,
10205,
10202,
10226,
10202,
10206,
10202,
10222,
10202,
10202,
10202,
10202,
10202,
10207,
10202,
10217,
10202,
10205,
10176,
10205,
10101,
10199,
10100,
10160,
10074,
10109,
10074,
10100,
10074,
10089,
10074,
10082,
10074,
10077,
10074,
10080,
10074,
10086,
10074,
10074,
10074,
10074,
10074,
10080,
10074,
10080,
10074,
10085,
10074,
10074,
10074,
10074,
10074,
10081,
10074,
10090,
10074,
10095,
10074,
10088,
10074,
10074,
10074,
10084,
10074,
10080,
10074,
10076,
10074,
10085,
10074,
10085,
10074,
10074,
10074,
10083,
10074,
10073,
9924,
10079,
9924,
10058,
9924,
10023,
9924,
9938,
9924,
9945,
9924,
9930,
9924,
9925,
9924,
9926,
9895,
9923,
9895,
9923,
9895,
9920,
9895,
9906,
9895,
9895,
9895,
9911,
9895,
9896,
9895,
9911,
9895,
9895,
9895,
