30516,
26201,
29228,
25530,
28261,
24718,
27579,
23320,
26996,
22615,
26323,
22499,
25721,
22499,
25267,
21931,
24757,
21389,
24240,
20085,
23765,
19782,
23102,
19782,
22242,
19634,
21315,
19628,
20584,
18958,
20083,
18891,
19621,
18354,
19278,
17717,
18936,
17605,
18581,
17181,
18089,
17146,
17696,
16601,
17343,
16336,
16998,
16123,
16763,
15997,
16454,
15848,
16247,
15814,
16104,
15688,
15963,
15437,
15834,
15251,
15675,
15251,
15540,
15251,
15432,
15218,
15336,
15122,
15361,
14939,
15190,
14810,
15204,
14810,
15188,
14810,
15074,
14732,
14937,
14732,
14783,
14732,
14738,
14732,
14744,
14732,
14733,
14732,
14737,
14732,
14746,
14732,
14756,
14732,
14738,
14732,
14732,
14732,
14732,
14732,
14730,
14579,
14751,
14579,
14720,
14201,
14704,
14201,
14499,
14201,
14277,
14201,
14205,
14201,
14211,
14201,
14201,
14201,
14204,
14201,
14219,
14201,
14219,
14201,
14218,
14201,
14217,
14201,
14204,
14162,
14211,
14162,
14199,
14162,
14268,
14162,
14258,
14162,
14162,
14162,
14167,
14162,
14171,
14162,
14165,
14162,
14171,
14162,
14174,
14162,
14162,
14162,
14171,
14162,
14166,
14162,
14174,
14162,
14178,
14162,
14162,
14162,
14162,
14150,
14166,
14150,
14168,
14150,
14171,
14150,
14150,
14150,
14153,
14150,
14150,
14150,
14155,
14150,
14154,
14108,
14159,
14108,
14241,
14108,
14162,
14108,
14108,
14108,
14108,
14108,
14116,
14108,
14108,
14108,
14106,
13947,
14132,
13947,
14253,
13947,
14457,
13947,
14277,
13947,
13956,
13947,
13953,
13947,
13961,
13947,
13952,
13947,
13950,
13947,
13947,
13947,
13964,
13947,
13958,
13947,
13961,
13947,
13949,
13947,
13950,
13947,
13974,
13947,
13953,
13947,
13947,
13947,
13951,
13947,
13962,
13916,
13993,
13916,
13944,
13916,
13975,
13916,
13933,
13916,
13924,
13904,
13926,
13904,
13924,
13904,
13927,
13904,
13912,
13904,
13907,
13904,
13918,
13904,
13904,
13904,
13905,
13904,
13904,
13904,
13904,
13904,
13905,
13904,
13915,
13904,
13911,
13904,
13903,
13797,
13917,
13797,
13921,
13797,
13899,
13797,
13837,
13797,
13803,
13797,
13804,
13797,
13797,
13797,
13800,
13797,
13797,
13797,
13801,
13797,
13798,
13797,
13827,
13797,
13797,
13797,
13797,
13797,
13804,
13797,
13797,
13797,
13800,
13797,
13797,
13797,
13797,
13797,
13805,
13797,
13806,
13797,
13797,
13797,
13800,
13797,
13804,
13797,
13797,
13797,
13820,
13797,
13803,
13797,
13803,
13797,
13794,
13524,
13828,
13524,
13893,
13524,
13940,
13474,
13817,
13474,
13774,
13429,
13726,
13429,
13551,
13429,
13585,
13429,
13684,
13078,
13706,
13078,
13653,
12849,
13845,
12849,
13835,
12849,
13694,
12849,
13417,
12849,
13225,
12849,
12874,
12849,
12849,
12849,
12862,
12849,
12860,
12849,
12858,
12849,
12868,
12849,
12849,
12849,
12861,
12849,
12860,
12849,
12858,
12849,
12857,
12849,
12850,
12846,
12849,
12846,
12858,
12846,
12866,
12762,
12899,
12762,
12967,
12762,
12981,
12762,
12968,
12762,
12792,
12762,
12768,
12762,
12763,
12762,
12764,
12762,
12775,
12762,
12764,
12762,
12772,
12762,
12774,
12762,
12768,
12762,
12785,
12762,
12768,
12762,
12772,
12762,
12763,
12762,
12783,
12762,
12772,
12762,
12776,
12762,
12762,
12762,
12765,
12726,
12773,
12726,
12765,
12726,
12741,
12726,
12726,
12726,
12733,
12726,
12734,
12726,
12726,
12726,
12741,
12726,
12733,
12726,
12733,
12726,
12726,
12726,
12725,
12697,
12832,
12697,
12762,
12697,
12986,
12697,
12978,
12697,
13016,
12697,
12701,
12697,
12708,
12697,
12700,
12697,
12711,
12697,
12697,
12697,
12700,
12611,
12705,
12611,
12695,
12608,
12684,
12608,
12616,
12608,
12622,
12608,
12617,
12608,
12606,
12434,
12617,
12434,
12616,
12434,
12560,
12274,
12430,
12274,
12406,
12274,
12336,
12274,
12274,
12274,
12286,
12274,
12280,
12274,
12274,
12274,
12291,
12274,
12300,
12274,
12279,
12274,
12286,
12274,
12288,
12274,
12281,
12274,
12275,
12274,
12277,
12274,
12274,
12274,
12290,
12274,
12274,
12274,
12276,
12274,
12274,
12274,
12273,
12184,
12298,
12166,
12269,
12166,
12269,
12166,
12310,
12166,
12166,
12029,
12185,
12029,
12160,
12029,
12142,
12029,
12034,
12029,
12033,
12029,
12029,
12029,
12053,
12029,
12038,
12029,
12045,
12029,
12029,
12029,
12058,
12029,
12034,
12029,
12032,
12029,
12029,
12029,
12033,
12029,
12044,
12029,
12029,
12029,
12044,
12029,
12034,
12029,
12035,
12029,
12055,
12002,
12031,
12002,
12038,
12002,
12013,
12002,
12017,
12002,
12012,
12002,
12033,
12002,
12017,
12002,
12022,
12002,
12002,
12002,
12002,
12002,
12002,
12002,
12023,
12002,
12005,
12002,
12002,
11930,
12026,
11930,
12048,
11930,
12002,
11621,
11981,
11621,
11820,
11621,
11650,
11621,
11627,
11621,
11632,
11621,
11659,
11621,
11631,
11621,
11621,
11621,
11626,
11621,
11637,
11621,
11631,
11621,
11635,
11560,
11624,
11560,
11638,
11560,
11633,
11560,
11607,
11560,
11560,
11560,
11562,
11560,
11571,
11560,
11571,
11560,
11560,
11560,
11580,
11560,
11560,
11560,
11570,
11560,
11577,
11560,
11570,
11560,
11566,
11560,
11566,
11560,
11560,
11560,
11564,
11531,
11629,
11531,
11597,
11531,
11627,
11531,
11628,
11531,
11628,
11531,
11682,
11531,
11537,
11531,
11537,
11531,
11556,
11531,
11539,
11531,
11542,
11531,
11538,
11531,
11540,
11531,
11533,
11531,
11548,
11531,
11531,
11531,
11531,
11531,
11534,
11531,
11539,
11531,
11531,
11531,
11531,
11531,
11542,
11531,
11538,
11531,
11531,
11531,
11541,
11531,
11566,
11531,
11531,
11531,
11538,
11531,
11536,
11531,
11533,
11531,
11544,
11530,
11559,
11530,
11560,
11530,
11530,
11530,
11654,
11530,
11855,
11530,
11862,
11530,
11780,
11324,
11668,
11324,
11541,
11324,
11530,
11324,
11541,
11324,
11534,
11324,
11540,
11324,
11530,
11324,
11530,
11324,
11532,
11324,
11543,
11324,
11539,
11324,
11542,
11324,
11536,
11324,
11534,
11324,
11547,
11324,
11530,
11324,
11544,
11324,
11530,
11324,
11540,
11324,
11550,
11324,
11535,
11324,
11530,
11324,
11531,
11324,
11535,
11324,
11531,
11324,
11530,
11324,
11548,
11324,
11536,
11324,
11530,
11324,
11530,
11324,
11576,
11324,
11530,
11324,
11532,
11324,
11530,
11324,
11536,
11324,
11543,
11324,
11546,
11324,
11532,
11324,
11561,
11324,
11542,
11324,
11544,
11324,
11537,
11324,
11537,
11324,
11539,
11324,
11530,
11324,
11543,
11324,
11538,
11324,
11549,
11324,
11539,
11324,
11530,
11324,
11530,
11324,
11530,
11324,
11534,
11324,
11532,
11324,
11551,
11324,
11546,
11324,
11534,
11324,
11530,
11324,
11551,
11324,
11530,
11324,
11530,
11324,
11534,
11324,
11530,
11324,
11528,
11324,
11525,
11251,
11505,
11251,
11376,
11251,
11302,
11251,
11253,
11251,
11251,
11251,
11251,
11251,
11259,
11251,
11258,
11251,
11252,
11246,
11265,
11246,
11255,
11246,
11249,
11246,
11246,
11246,
11246,
11246,
11247,
11246,
11246,
11246,
11249,
11246,
11246,
11246,
11255,
11246,
11251,
11246,
11269,
11246,
11251,
11245,
11245,
11245,
11253,
11245,
11255,
11245,
11262,
11245,
11248,
11245,
11255,
11245,
11258,
11245,
11252,
11245,
11245,
11245,
11256,
11245,
11253,
11245,
11250,
11245,
11245,
11245,
11254,
11245,
11245,
11245,
11260,
11245,
11245,
11245,
11245,
11245,
11251,
11245,
11252,
11245,
11247,
11245,
11245,
11245,
11258,
11245,
11245,
11245,
11248,
11245,
11247,
11245,
11258,
11245,
11257,
11245,
11245,
11245,
11248,
11104,
11260,
11104,
11249,
11104,
11332,
11104,
11309,
11104,
11665,
11104,
11291,
11104,
11148,
11104,
11104,
11104,
11119,
11104,
11104,
11104,
11109,
11104,
11104,
11104,
11104,
11104,
11104,
11104,
11104,
11104,
11113,
11104,
11112,
11104,
11108,
11104,
11104,
11104,
11104,
11104,
11104,
11104,
11110,
11104,
11104,
11104,
11106,
11104,
11104,
11104,
11106,
11104,
11111,
11104,
11107,
11104,
11113,
11104,
11117,
11104,
11111,
11104,
11107,
11104,
11110,
11104,
11104,
11104,
11130,
11104,
11104,
11104,
11104,
11104,
11104,
11104,
11114,
11104,
11104,
11104,
11133,
11104,
11112,
11104,
11104,
11104,
11123,
11104,
11116,
11104,
11122,
11104,
11104,
11104,
11109,
11104,
11104,
11104,
11117,
11104,
11110,
11104,
11104,
11104,
11111,
11104,
11112,
11104,
11104,
11104,
11105,
11104,
11104,
11104,
11121,
11104,
11104,
11104,
11114,
11104,
11113,
11104,
11104,
11104,
11111,
11104,
11104,
11104,
11110,
11104,
11104,
11104,
11108,
11104,
11108,
11104,
11104,
11104,
11109,
11104,
11113,
11104,
11104,
11104,
11123,
11104,
11117,
11104,
11109,
11104,
11104,
11104,
11107,
11104,
11111,
11104,
11104,
11104,
11112,
11104,
11109,
11104,
11104,
11104,
11105,
11104,
11104,
11104,
11111,
11104,
11133,
11104,
11133,
11104,
11125,
11104,
11112,
11104,
11105,
11104,
11109,
11104,
11103,
10897,
11123,
10897,
11143,
10897,
11137,
10897,
11063,
10897,
10897,
10897,
10897,
10897,
10897,
10897,
10897,
10897,
10897,
10897,
10907,
10897,
10915,
10897,
10903,
10897,
10910,
10897,
10899,
10854,
10922,
10854,
10929,
10854,
10982,
10854,
10974,
10854,
10954,
10854,
10858,
10854,
10862,
10854,
10854,
10854,
10863,
10854,
10854,
10854,
10886,
10854,
10856,
10854,
10859,
10854,
10854,
10854,
10857,
10854,
10874,
10854,
10867,
10854,
10854,
10854,
10858,
10854,
10863,
10854,
10859,
10854,
10870,
10854,
10870,
10854,
10861,
10854,
10859,
10854,
10859,
10854,
10886,
10854,
10854,
10854,
10867,
10854,
10856,
10854,
10867,
10845,
10853,
10845,
10863,
10845,
10864,
10845,
10856,
10845,
10855,
10845,
10846,
10845,
10850,
10845,
10845,
10845,
10849,
10845,
10845,
10845,
10848,
10845,
10853,
10845,
10849,
10845,
10846,
10845,
10845,
10845,
10853,
10845,
10847,
10845,
10856,
10845,
10845,
10845,
10845,
10845,
10845,
10845,
10873,
10845,
10858,
10845,
10855,
10845,
10872,
10845,
10857,
10845,
10845,
10845,
10854,
10845,
10849,
10845,
10866,
10845,
10845,
10845,
10847,
10845,
10845,
10845,
10855,
10845,
10852,
10845,
10845,
10845,
10845,
10845,
10856,
10845,
10867,
10845,
10855,
10845,
10885,
10845,
10845,
10845,
10849,
10845,
10850,
10845,
10861,
10845,
10845,
10845,
10845,
10845,
10850,
10845,
10866,
10845,
10845,
10845,
10853,
10845,
10851,
10845,
10845,
10845,
10845,
10845,
10845,
10845,
10863,
10845,
10845,
10845,
10845,
10845,
10849,
10845,
10847,
10845,
10849,
10845,
10845,
10845,
10845,
10845,
10866,
10845,
10845,
10845,
10851,
10845,
10850,
10845,
10849,
10845,
10857,
10845,
10854,
10845,
10855,
10845,
10845,
10845,
10845,
10845,
10845,
10845,
10861,
10764,
10854,
10764,
10910,
10764,
10952,
10764,
11021,
10764,
10883,
10764,
10774,
10764,
10780,
10764,
10773,
10764,
10771,
10764,
10780,
10764,
10784,
10764,
10783,
10764,
10764,
10764,
10772,
10764,
10802,
10764,
10779,
10764,
10768,
10764,
10772,
10764,
10767,
10764,
10764,
10764,
10764,
10764,
10764,
10764,
10764,
10764,
10772,
10764,
10779,
10764,
10784,
10764,
10769,
10764,
10772,
10764,
10771,
10764,
10767,
10764,
10764,
10764,
10780,
10764,
10764,
10764,
10764,
10764,
10766,
10764,
10764,
10764,
10772,
10764,
10778,
10764,
10764,
10764,
10781,
10764,
10776,
10764,
10764,
10764,
10776,
10764,
10777,
10764,
10777,
10764,
10771,
10764,
10769,
10764,
10764,
10764,
10764,
10764,
10775,
10764,
10775,
10764,
10778,
10764,
10773,
10764,
10764,
10764,
10767,
10764,
10798,
10764,
10764,
10764,
10764,
10764,
10764,
10764,
10764,
10764,
10766,
10764,
10775,
10764,
10764,
10581,
10751,
10581,
10718,
10581,
10626,
10581,
10585,
10581,
10581,
10581,
10585,
10581,
10592,
10581,
10593,
10568,
10583,
10568,
10578,
10568,
10578,
10568,
10569,
10568,
10571,
10568,
10574,
10568,
10568,
10568,
10568,
10568,
10575,
10568,
10568,
10568,
10577,
10568,
10572,
10568,
10568,
10568,
10589,
10568,
10573,
10568,
10685,
10568,
10588,
10568,
10571,
10568,
10578,
10568,
10568,
10568,
10577,
10568,
10568,
10568,
10571,
10568,
10588,
10568,
10578,
10568,
10573,
10568,
10577,
10568,
10575,
10568,
10583,
10568,
10568,
10568,
10579,
10568,
10568,
10568,
10578,
10568,
10574,
10568,
10580,
10568,
10568,
10568,
10584,
10568,
10579,
10568,
10578,
10568,
10570,
10568,
10602,
10568,
10581,
10568,
10568,
10568,
10582,
10568,
10572,
10568,
10578,
10568,
10578,
10568,
10588,
10568,
10579,
10568,
10568,
10568,
10579,
10568,
10580,
10568,
10572,
10568,
10576,
10568,
10579,
10568,
10582,
10568,
10572,
10568,
10568,
10568,
10581,
10568,
10574,
10568,
10568,
10568,
10572,
10568,
10568,
10568,
10572,
10568,
10575,
10568,
10571,
10568,
10568,
10568,
10601,
10568,
10577,
10568,
10571,
10568,
10570,
10568,
10578,
10568,
10573,
10568,
10583,
10568,
10579,
10568,
10582,
10568,
10568,
10568,
10584,
10568,
10568,
10568,
10570,
10568,
10568,
10568,
10587,
10568,
10575,
10568,
10568,
10568,
10577,
10568,
10568,
10568,
10569,
10568,
10577,
10568,
10585,
10568,
10569,
10568,
10574,
10568,
10578,
10568,
10569,
10568,
10579,
10568,
10575,
10568,
10569,
10568,
10586,
10367,
10580,
10367,
10554,
10367,
10511,
10367,
10413,
10367,
10367,
10367,
10367,
10367,
10374,
10367,
10377,
10367,
10372,
10367,
10372,
10367,
10381,
10367,
10390,
10367,
10367,
10367,
10391,
10367,
10368,
10367,
10367,
10367,
10367,
10367,
10373,
10367,
10371,
10367,
10379,
10367,
10371,
10367,
10367,
10367,
10368,
10367,
10369,
10367,
10367,
10367,
10376,
10367,
10367,
10367,
10383,
10367,
10382,
10367,
10371,
10367,
10371,
10367,
10367,
10367,
10367,
10367,
10380,
10367,
10375,
10367,
10367,
10367,
10377,
10367,
10369,
10367,
10374,
10367,
10372,
10367,
10367,
10367,
10374,
10367,
10367,
10367,
10371,
10367,
10367,
10367,
10375,
10367,
10367,
10367,
10381,
10367,
10367,
10367,
10371,
10367,
10371,
10367,
10374,
10367,
10387,
10367,
10367,
10367,
10367,
10367,
10375,
10367,
10387,
10367,
10369,
10367,
10387,
10367,
10382,
10367,
10380,
10367,
10367,
10367,
10403,
10367,
10391,
10367,
10367,
10367,
10375,
10367,
10367,
10367,
10382,
10367,
10379,
10367,
10381,
10367,
10378,
10367,
10367,
10367,
10375,
10367,
10373,
10367,
10371,
10367,
10372,
10367,
10371,
10367,
10377,
10367,
10369,
10367,
10367,
10367,
10386,
10367,
10385,
10367,
10387,
10367,
10379,
10367,
10375,
10367,
10381,
10367,
10375,
10367,
10388,
10367,
10367,
10367,
10370,
10367,
10367,
10367,
10367,
10367,
10367,
10367,
10374,
10367,
10367,
10367,
10374,
10367,
10367,
10367,
10380,
10367,
10380,
10367,
10376,
10367,
10370,
10367,
10367,
10367,
10393,
10367,
10383,
10363,
10400,
10363,
10428,
10363,
10447,
10363,
10410,
10363,
10364,
10363,
10380,
10363,
10366,
10363,
10377,
10363,
10383,
10363,
10367,
10363,
10367,
10363,
10363,
10363,
10372,
10363,
10368,
10363,
10377,
10363,
10377,
10363,
