30485,
25730,
29855,
25730,
29471,
24573,
29115,
24573,
28947,
23901,
29146,
23901,
28868,
23901,
28707,
23869,
28351,
23550,
27611,
23366,
26858,
23104,
25967,
21740,
25742,
20625,
25353,
20470,
24983,
20470,
24941,
19662,
24415,
19662,
23993,
19385,
23789,
19385,
23666,
19385,
23334,
18239,
22821,
18239,
22305,
18239,
21615,
18239,
21446,
16813,
21199,
16813,
21198,
16813,
20750,
16813,
20548,
16813,
20035,
16813,
20003,
16479,
19563,
15859,
19098,
15859,
18903,
15859,
18808,
15610,
18241,
15610,
17950,
15610,
17698,
15175,
17210,
15175,
16912,
14934,
16517,
14454,
16314,
13938,
15886,
13938,
15657,
13938,
15520,
13016,
15500,
13016,
15168,
13016,
15078,
13016,
14960,
13016,
14618,
13016,
14246,
12866,
13840,
12737,
13620,
12506,
13414,
12091,
13356,
11980,
13026,
11980,
12795,
11980,
12688,
11849,
12488,
11535,
12172,
11535,
12044,
11495,
11893,
11462,
11637,
11295,
11540,
11266,
11426,
11233,
11341,
11212,
11362,
11207,
11256,
11207,
11228,
11203,
11215,
11203,
11240,
11203,
11209,
11203,
11204,
11203,
11203,
11203,
11218,
11203,
11233,
11203,
11220,
11203,
11213,
11203,
11220,
11203,
11220,
11203,
11208,
11203,
11218,
11203,
11208,
11117,
11203,
11117,
11188,
11117,
11143,
11117,
11117,
11117,
11117,
11117,
11117,
11117,
11120,
11117,
11124,
11072,
11198,
11072,
11155,
11072,
11117,
11072,
11135,
11072,
11132,
11072,
11121,
11072,
11117,
11072,
11133,
11072,
11120,
11072,
11119,
11071,
11436,
11071,
11132,
11071,
11131,
11071,
11120,
11071,
11119,
11071,
11129,
11071,
11130,
11071,
11132,
11071,
11117,
11071,
11117,
11071,
11117,
11071,
11119,
11071,
11117,
11071,
11121,
11071,
11117,
11071,
11124,
11071,
11122,
11071,
11119,
11071,
11121,
11071,
11117,
11071,
11130,
11071,
11127,
11071,
11117,
11071,
11121,
11071,
11118,
11071,
11134,
11071,
11129,
11071,
11141,
11071,
11136,
11071,
11132,
11071,
11133,
11071,
11119,
11071,
11117,
11071,
11182,
11071,
11123,
11071,
11117,
11071,
11118,
11071,
11117,
11071,
11117,
11071,
11133,
11071,
11152,
11071,
11126,
11071,
11117,
11071,
11134,
11071,
11122,
11071,
11117,
11071,
11117,
11071,
11129,
11071,
11126,
11071,
11117,
11071,
11123,
11071,
11117,
11071,
11117,
11071,
11124,
11071,
11117,
11071,
11125,
11071,
11118,
11071,
11126,
11071,
11118,
11071,
11117,
11071,
11123,
11071,
11121,
11071,
11117,
11071,
11117,
11071,
11120,
11071,
11122,
11071,
11127,
11071,
11137,
11071,
11138,
11071,
11134,
11071,
11133,
11071,
11121,
11071,
11124,
11071,
11150,
10985,
11455,
10985,
11126,
10985,
11117,
10985,
11122,
10985,
11132,
10985,
11117,
10985,
11121,
10985,
11118,
10985,
11131,
10985,
11132,
10985,
11383,
10985,
11132,
10985,
11117,
10985,
11117,
10985,
11117,
10985,
11133,
10985,
11117,
10985,
11123,
10985,
11129,
10985,
11124,
10985,
12309,
10985,
11117,
10985,
11121,
10985,
11143,
10985,
11117,
10985,
11118,
10985,
11122,
10985,
11117,
10985,
11129,
10985,
11117,
10985,
11117,
10985,
11118,
10985,
11130,
10985,
11117,
10985,
11119,
10985,
11128,
10985,
11132,
10985,
11127,
10985,
11119,
10985,
11117,
10985,
11110,
10985,
11089,
10985,
11099,
10985,
11103,
10985,
11110,
10985,
11088,
10985,
11083,
10985,
11083,
10985,
11096,
10985,
11083,
10985,
11083,
10985,
11098,
10985,
11093,
10985,
11083,
10985,
11082,
10985,
11201,
10985,
11098,
10985,
11083,
10985,
11084,
10985,
11111,
10985,
11100,
10985,
11102,
10985,
11098,
10985,
11095,
10985,
11092,
10985,
11083,
10985,
11084,
10985,
11094,
10985,
11083,
10985,
11089,
10985,
11085,
10985,
11095,
10985,
11083,
10985,
11092,
10985,
11088,
10985,
11093,
10985,
11083,
10985,
11090,
10985,
11086,
10985,
11098,
10985,
11107,
10985,
11251,
10985,
11088,
10985,
11087,
10985,
11358,
10985,
11090,
10985,
11111,
10985,
11083,
10985,
11083,
10985,
11105,
10985,
11083,
10985,
11093,
10985,
11083,
10985,
11083,
10985,
11093,
10985,
11099,
10985,
11083,
10985,
11091,
10985,
11097,
10985,
11084,
10985,
11094,
10985,
11096,
10985,
11083,
10985,
11092,
10985,
11083,
10985,
11095,
10985,
11092,
10985,
11083,
10985,
11089,
10985,
11088,
10985,
11091,
10985,
11096,
10985,
11096,
10985,
11102,
10985,
11083,
10985,
11091,
10985,
11083,
10985,
11091,
10985,
11083,
10985,
11088,
10985,
11086,
10985,
11083,
10985,
11098,
10985,
11083,
10985,
11083,
10985,
11083,
10985,
11083,
10985,
11123,
10985,
11103,
10985,
11083,
10985,
11097,
10985,
11088,
10985,
11083,
10985,
11099,
10985,
11084,
10985,
11083,
10985,
11083,
10985,
11085,
10985,
11097,
10985,
11086,
10985,
11083,
10985,
11083,
10985,
11089,
10985,
11083,
10985,
11094,
10985,
11102,
10985,
11087,
10985,
11090,
10985,
11083,
10985,
11097,
10985,
11083,
10985,
11088,
10985,
11088,
10985,
11083,
10985,
11088,
10985,
11083,
10985,
11087,
10985,
11085,
10985,
11089,
10985,
11083,
10985,
11082,
10985,
11370,
10985,
11091,
10960,
11427,
10960,
11090,
10960,
11093,
10960,
11088,
10960,
11100,
10960,
11096,
10960,
11083,
10960,
11087,
10960,
11098,
10960,
11083,
10960,
11083,
10960,
11084,
10960,
11089,
10960,
11091,
10960,
11106,
10960,
11089,
10960,
11083,
10960,
11083,
10960,
11084,
10960,
11083,
10960,
11098,
10960,
11126,
10960,
11087,
10960,
11084,
10960,
11083,
10960,
11083,
10960,
11084,
10960,
11086,
10960,
11088,
10960,
11091,
10960,
11096,
10960,
11083,
10960,
11091,
10960,
11099,
10960,
11084,
10960,
11089,
10960,
11086,
10960,
11107,
10960,
11103,
10960,
11097,
10960,
11095,
10960,
11294,
10960,
11088,
10960,
11091,
10960,
11087,
10960,
11094,
10960,
11085,
10960,
11083,
10960,
11101,
10960,
11098,
10960,
11092,
10960,
11087,
10960,
11083,
10960,
11083,
10960,
11117,
10960,
11088,
10960,
11081,
10960,
11661,
10960,
11083,
10960,
11087,
10960,
11083,
10960,
11093,
10960,
11083,
10960,
11089,
10960,
11089,
10960,
11086,
10960,
11307,
10960,
11083,
10960,
11096,
10960,
11094,
10960,
11085,
10960,
11087,
10960,
11088,
10960,
11085,
10960,
11083,
10960,
11099,
10960,
11083,
10960,
11108,
10960,
11102,
10960,
11083,
10960,
11089,
10960,
11104,
10960,
11093,
10960,
11087,
10960,
11083,
10960,
11085,
10960,
11089,
10960,
11087,
10960,
11093,
10960,
11086,
10960,
11083,
10960,
11083,
10960,
11102,
10960,
11088,
10960,
11092,
10960,
11094,
10960,
11087,
10960,
11090,
10960,
11105,
10960,
11083,
10960,
11087,
10960,
11102,
10960,
11089,
10960,
11083,
10960,
11083,
10960,
11087,
10960,
11083,
10960,
11092,
10960,
11091,
10960,
11095,
10960,
11087,
10960,
11083,
10960,
11088,
10960,
11083,
10960,
11113,
10960,
11095,
10960,
11085,
10960,
11089,
10960,
11086,
10960,
11089,
10960,
11334,
10960,
11088,
10960,
11086,
10960,
11094,
10960,
11093,
10960,
11090,
10960,
11091,
10960,
11100,
10960,
11094,
10960,
11088,
10960,
11095,
10960,
11090,
10960,
11083,
10960,
11093,
10960,
11083,
10960,
11089,
10960,
11099,
10960,
11096,
10960,
11087,
10960,
11084,
10960,
11106,
10960,
11089,
10960,
11100,
10960,
11087,
10960,
11103,
10960,
11083,
10960,
11086,
10960,
11085,
10960,
11083,
10960,
11092,
10960,
11083,
10960,
11088,
10960,
11098,
10960,
11090,
10960,
11088,
10960,
11097,
10960,
11083,
10960,
11083,
10960,
11095,
10960,
11083,
10960,
11089,
10960,
11096,
10960,
11095,
10960,
11083,
10960,
11091,
10960,
11084,
10960,
11083,
10960,
11094,
10960,
11089,
10960,
11166,
10960,
11093,
10960,
11098,
10960,
11100,
10960,
11087,
10960,
11103,
10823,
11434,
10823,
11084,
10823,
11110,
10823,
11090,
10823,
11095,
10823,
11090,
10823,
11089,
10823,
11111,
10823,
11101,
10823,
11101,
10823,
11101,
10823,
11083,
10823,
11089,
10823,
11094,
10823,
11104,
10823,
11103,
10823,
11094,
10823,
11090,
10823,
11094,
10823,
11089,
10823,
11083,
10823,
11091,
10823,
11093,
10823,
11101,
10823,
11117,
10823,
11083,
10823,
11083,
10823,
11120,
10823,
11093,
10823,
11088,
10823,
11097,
10823,
11088,
10823,
11098,
10823,
11090,
10823,
11087,
10823,
11082,
10823,
11308,
10823,
11687,
10823,
11093,
10823,
11095,
10823,
11084,
10823,
11091,
10823,
11089,
10823,
11086,
10823,
11090,
10823,
11083,
10823,
11086,
10823,
11090,
10823,
11083,
10823,
11087,
10823,
11100,
10823,
11083,
10823,
11087,
10823,
11088,
10823,
11101,
10823,
11098,
10823,
11094,
10823,
11093,
10823,
11083,
10823,
11090,
10823,
11096,
10823,
11087,
10823,
11248,
10823,
11095,
10823,
11087,
10823,
11083,
10823,
11083,
10823,
11083,
10823,
11107,
10823,
11086,
10823,
11086,
10823,
11108,
10823,
11092,
10823,
11096,
10823,
11104,
10823,
11087,
10823,
11086,
10823,
11083,
10823,
11091,
10823,
11086,
10823,
11093,
10823,
11092,
10823,
11088,
10823,
11083,
10823,
11084,
10823,
11093,
10823,
11088,
10823,
11083,
10823,
11083,
10823,
11083,
10823,
11085,
10823,
11093,
10823,
11087,
10823,
11084,
10823,
11095,
10823,
11088,
10823,
11088,
10823,
11082,
10823,
11476,
10823,
11083,
10823,
11098,
10823,
11083,
10823,
11094,
10823,
11095,
10823,
11095,
10823,
11092,
10823,
11099,
10823,
11088,
10823,
11089,
10823,
11086,
10823,
11083,
10823,
11105,
10823,
11097,
10823,
11089,
10823,
11093,
10823,
11083,
10823,
11102,
10823,
11083,
10823,
11093,
10823,
11104,
10823,
11087,
10823,
11102,
10823,
11099,
10823,
11092,
10823,
11092,
10823,
11088,
10823,
11092,
10823,
11083,
10823,
11084,
10823,
11084,
10823,
11099,
10823,
11110,
10823,
11089,
10823,
11092,
10823,
11107,
10823,
11092,
10823,
11096,
10823,
11092,
10823,
11083,
10823,
11083,
10823,
11083,
10823,
11589,
10823,
11093,
10823,
11105,
10687,
11221,
10687,
11503,
10687,
11095,
10687,
11083,
10687,
11084,
10687,
11090,
10687,
11088,
10687,
11083,
10687,
11087,
10687,
11102,
10687,
11117,
10687,
11097,
10687,
11083,
10687,
11106,
10687,
11099,
10687,
11083,
10687,
11101,
10687,
11083,
10687,
11084,
10687,
11088,
10687,
11083,
10687,
11083,
10687,
11111,
10687,
11087,
10687,
11229,
10687,
11085,
10687,
11086,
10687,
11098,
10687,
11095,
10687,
11084,
10687,
11089,
10687,
11093,
10687,
11083,
10687,
11100,
10687,
11100,
10687,
11083,
10687,
11083,
10687,
11083,
10687,
11094,
10687,
11083,
10687,
11083,
10687,
11087,
10687,
11083,
10687,
11083,
10687,
11098,
10687,
11091,
10687,
11091,
10687,
11083,
10687,
11092,
10687,
11095,
10687,
11083,
10687,
11082,
10687,
11393,
10687,
11087,
10687,
11083,
10687,
11083,
10687,
11099,
10687,
11099,
10687,
11087,
10687,
11091,
10687,
11094,
10687,
11095,
10687,
11085,
10687,
11090,
10687,
11090,
10687,
11088,
10687,
11084,
10687,
11094,
10687,
11090,
10687,
11101,
10687,
11097,
10687,
11083,
10687,
11084,
10687,
11086,
10687,
11095,
10687,
11096,
10687,
11095,
10687,
11089,
10687,
11094,
10687,
11083,
10687,
11098,
10687,
11091,
10687,
11090,
10687,
11085,
10687,
11088,
10687,
11099,
10687,
11086,
10687,
11083,
10687,
11099,
10687,
11095,
10687,
11083,
10687,
11085,
10687,
11083,
10687,
11083,
10687,
11100,
10687,
11097,
10687,
11105,
10687,
11083,
10687,
11090,
10687,
11083,
10687,
11083,
10687,
11113,
10687,
11085,
10687,
11107,
10687,
11083,
10687,
11086,
10687,
11083,
10687,
11094,
10687,
11105,
10687,
11083,
10687,
11090,
10687,
11088,
10687,
11106,
10687,
11096,
10687,
11083,
10687,
11091,
10687,
11098,
10687,
11095,
10687,
11091,
10687,
11083,
10687,
11086,
10687,
11104,
10687,
11087,
10687,
11084,
10687,
11083,
10687,
11085,
10687,
11083,
10687,
11088,
10687,
11089,
10687,
11083,
10687,
11082,
10687,
11612,
10687,
11083,
10687,
11083,
10687,
11092,
10687,
11083,
10687,
11096,
10687,
11103,
10687,
11083,
10687,
11086,
10687,
11094,
10687,
11083,
10687,
11090,
10687,
11094,
10687,
11087,
10687,
11087,
10687,
11091,
10687,
11239,
10687,
11084,
10687,
11106,
10687,
11087,
10687,
11083,
10687,
11083,
10687,
11086,
10687,
11089,
10687,
11091,
10687,
11083,
10687,
11393,
10687,
11087,
10687,
11090,
10687,
11083,
10687,
11083,
10687,
11088,
10687,
11083,
10687,
11083,
10687,
11091,
10687,
11095,
10687,
11083,
10687,
11083,
10687,
11090,
10687,
11097,
10687,
11087,
10687,
11089,
10687,
11091,
10687,
11083,
10687,
11083,
10687,
11100,
10687,
11083,
10687,
11103,
10687,
11085,
10687,
11088,
10687,
11095,
10687,
11083,
10687,
11085,
10687,
11089,
10687,
11096,
10687,
11086,
10687,
11090,
10687,
11092,
10687,
11083,
10687,
11109,
10687,
11083,
10687,
11086,
10687,
11083,
10687,
11083,
10687,
11096,
10687,
11083,
10687,
11104,
10687,
11083,
10687,
11091,
10687,
11084,
10687,
11087,
10687,
11083,
10687,
11095,
10687,
11086,
10687,
11087,
10687,
11083,
10687,
11086,
10687,
11108,
10687,
11091,
10687,
11085,
10687,
11387,
10687,
11083,
10687,
11099,
10687,
11084,
10687,
11093,
10687,
11083,
10687,
11083,
10687,
11094,
10687,
11085,
10687,
11084,
10687,
11104,
10687,
11092,
10687,
11082,
10687,
11507,
10687,
11083,
10687,
11092,
10687,
11083,
10687,
11085,
10687,
11084,
10687,
11086,
10687,
11085,
10687,
11093,
10687,
11089,
10687,
11089,
10687,
11094,
10687,
11100,
10687,
11095,
10687,
11083,
10687,
11087,
10687,
11091,
10687,
11086,
10687,
11095,
10687,
11086,
10687,
11090,
10687,
11088,
10687,
11103,
10687,
11084,
10687,
11088,
10687,
11097,
10687,
11083,
10687,
11083,
10687,
11102,
10687,
11092,
10687,
11098,
10687,
11083,
10687,
11083,
10687,
11100,
10687,
11083,
10687,
11086,
10687,
11127,
10687,
11095,
10687,
11083,
10687,
11086,
10687,
11087,
10687,
11085,
10687,
11095,
10687,
11083,
10687,
11094,
10687,
11090,
10687,
11097,
10687,
11094,
10687,
11092,
10687,
11095,
10687,
11099,
10687,
11226,
10687,
11089,
10687,
11083,
10687,
11084,
10687,
11083,
10687,
11087,
10687,
11108,
10687,
11083,
10687,
11090,
10687,
11093,
10687,
11199,
10687,
11102,
10687,
11083,
10687,
11083,
10687,
11104,
10687,
11100,
10687,
11098,
10687,
11092,
10687,
11107,
10687,
11094,
10687,
11083,
10687,
11116,
10687,
11094,
10687,
11083,
10687,
11088,
10687,
11087,
10687,
11094,
10687,
11083,
10687,
11094,
10687,
11097,
10687,
11083,
10687,
11083,
10687,
11105,
10687,
11087,
10687,
11085,
10687,
11083,
10687,
11102,
10687,
11084,
10687,
11083,
10687,
11087,
10687,
11082,
10687,
11186,
10687,
11095,
10687,
11101,
10687,
11083,
10687,
11085,
10687,
11097,
10687,
11088,
10687,
11097,
10687,
11087,
10687,
11085,
10687,
11105,
10687,
11104,
10687,
11084,
10687,
11096,
10687,
11102,
10687,
11101,
10687,
11090,
10687,
11092,
10687,
11098,
10687,
11083,
10687,
11095,
10687,
11093,
10687,
11101,
10687,
11162,
10687,
11083,
10687,
11091,
10687,
11101,
10687,
11083,
10687,
