30454,
25054,
29675,
25054,
29078,
24399,
28884,
24032,
28991,
24032,
29033,
23265,
28688,
23265,
28769,
23265,
28694,
23265,
28519,
23265,
28099,
23265,
28006,
23265,
27974,
22489,
27773,
22489,
27373,
22489,
27055,
22489,
26955,
22489,
26785,
22489,
26955,
22489,
26876,
22489,
26181,
21270,
25619,
21270,
25223,
21270,
25347,
21197,
25217,
21192,
24882,
21192,
24390,
20120,
23903,
20076,
23465,
19679,
23157,
19044,
22444,
19044,
22574,
19005,
22367,
18784,
22191,
18143,
21777,
18062,
21581,
18062,
21284,
18062,
20659,
17088,
20339,
17088,
20166,
16808,
19602,
16808,
19569,
16040,
19179,
16040,
18893,
15895,
18774,
15284,
18491,
15284,
18425,
15284,
17974,
15093,
17986,
15093,
17714,
15093,
17678,
15093,
17577,
15093,
17516,
14956,
17260,
14956,
16975,
14466,
16708,
14166,
16398,
14166,
15833,
13886,
15532,
13759,
15006,
13422,
14883,
13062,
14517,
12965,
13989,
12761,
13769,
12652,
13583,
12562,
13327,
12195,
12936,
12195,
12762,
12148,
12649,
12098,
12528,
11904,
12506,
11904,
12378,
11904,
12368,
11899,
12285,
11878,
12199,
11835,
12175,
11823,
12121,
11820,
12011,
11768,
11922,
11758,
11895,
11720,
11864,
11720,
11763,
11720,
11737,
11720,
11725,
11720,
11728,
11720,
11738,
11720,
11731,
11720,
11734,
11720,
11740,
11720,
11748,
11720,
11734,
11720,
11728,
11720,
11720,
11720,
11720,
11720,
11720,
11720,
11723,
11720,
11720,
11720,
11729,
11720,
11734,
11720,
11731,
11720,
11729,
11720,
11720,
11720,
11721,
11720,
11720,
11720,
11722,
11720,
11722,
11720,
11753,
11720,
11731,
11720,
11723,
11720,
11732,
11720,
11720,
11720,
11734,
11720,
11720,
11720,
11725,
11720,
11729,
11720,
11724,
11720,
11727,
11720,
11727,
11657,
11760,
11657,
11783,
11657,
11853,
11657,
11853,
11657,
11819,
11657,
11765,
11657,
11831,
11657,
11881,
11657,
11736,
11657,
11720,
11657,
11726,
11657,
11722,
11657,
11720,
11657,
11745,
11657,
11722,
11657,
11720,
11657,
11729,
11657,
11733,
11657,
11729,
11657,
11724,
11657,
11720,
11657,
11732,
11657,
11720,
11657,
11734,
11657,
11725,
11657,
11727,
11657,
11720,
11657,
11728,
11657,
11725,
11589,
12005,
11589,
11734,
11589,
11724,
11589,
11721,
11589,
11729,
11589,
11720,
11589,
11720,
11589,
11725,
11589,
11728,
11589,
11721,
11589,
11733,
11589,
11731,
11589,
11724,
11589,
11725,
11589,
11732,
11589,
11737,
11589,
11722,
11589,
11720,
11589,
11723,
11589,
11720,
11589,
11722,
11589,
11720,
11589,
11726,
11589,
11729,
11589,
11729,
11589,
11720,
11589,
11720,
11589,
11721,
11589,
11730,
11589,
11731,
11589,
11732,
11589,
11721,
11589,
11720,
11589,
11724,
11589,
11738,
11589,
11720,
11589,
11735,
11589,
11724,
11589,
11743,
11589,
11746,
11589,
11731,
11589,
11724,
11589,
11762,
11589,
11735,
11589,
11726,
11589,
11727,
11589,
11726,
11589,
11722,
11589,
11746,
11589,
11720,
11589,
11730,
11589,
11731,
11589,
11739,
11589,
12012,
11589,
11720,
11589,
11730,
11589,
11730,
11589,
11735,
11589,
11726,
11589,
11736,
11589,
11726,
11589,
11728,
11589,
11737,
11589,
11724,
11589,
11724,
11589,
11722,
11589,
11729,
11589,
11729,
11589,
11724,
11589,
11720,
11331,
12007,
11331,
11723,
11331,
11736,
11331,
11728,
11331,
11736,
11331,
11720,
11331,
11725,
11331,
11733,
11331,
11720,
11331,
11738,
11331,
11729,
11331,
11720,
11331,
11736,
11331,
11715,
11059,
12199,
11059,
11744,
11059,
11727,
11059,
11725,
11059,
11721,
11059,
11720,
11059,
11725,
11059,
11720,
11059,
11727,
11059,
11879,
11059,
11723,
11059,
11744,
11059,
11725,
11059,
11720,
11059,
11724,
11059,
11726,
11059,
11739,
11059,
11720,
11059,
11735,
11059,
11731,
11059,
11731,
11059,
11730,
11059,
11720,
11059,
11721,
11059,
11740,
11059,
11723,
11059,
11719,
11059,
11748,
11059,
11721,
11059,
11720,
11059,
11733,
11059,
11737,
11059,
11732,
11059,
11724,
11059,
11724,
11059,
11725,
11059,
11729,
11059,
13041,
11059,
11733,
11059,
11727,
11059,
11723,
11059,
11725,
11059,
11725,
11059,
11720,
11059,
11719,
11059,
11764,
11059,
11724,
11059,
11733,
11059,
11721,
11059,
11730,
11059,
11723,
11059,
11735,
11059,
11724,
11059,
11723,
11059,
11720,
11059,
11746,
11059,
11720,
11059,
11727,
11059,
11720,
11059,
11739,
11059,
11723,
11059,
11743,
11059,
11728,
11059,
11720,
11059,
11723,
11059,
11720,
11059,
11735,
11059,
11732,
11059,
11848,
11059,
11729,
11059,
11726,
11059,
11725,
11059,
11720,
11059,
11724,
11059,
11736,
11059,
11728,
11059,
11944,
11059,
11721,
11059,
11720,
11059,
11733,
11059,
11728,
11059,
11720,
11059,
11720,
11059,
11728,
11059,
11726,
11059,
11725,
11059,
11728,
11059,
11730,
11059,
11720,
11059,
11748,
11059,
11785,
11059,
11720,
11059,
11732,
11059,
11727,
11059,
11720,
11059,
11725,
11059,
11748,
11059,
11722,
11059,
11720,
11059,
11720,
11059,
11728,
11059,
11733,
11059,
11752,
11059,
11776,
11059,
11744,
11059,
11728,
11059,
11720,
11059,
11720,
11059,
11721,
11059,
11723,
11059,
11731,
11059,
11720,
11059,
11720,
11059,
11729,
11059,
11724,
11059,
11725,
11059,
11730,
11059,
11730,
11059,
12039,
11059,
11722,
11059,
11728,
11059,
11724,
11059,
11737,
11059,
11726,
11059,
11729,
11059,
11722,
11059,
11731,
11059,
11723,
11059,
11729,
11059,
11722,
11059,
11720,
11059,
11730,
11059,
11730,
11059,
11735,
11059,
11725,
11059,
11746,
11059,
11725,
11059,
11721,
11059,
11743,
11059,
11745,
11059,
11720,
11059,
11732,
11059,
11720,
11059,
11738,
11059,
11729,
11059,
11726,
11059,
11733,
11059,
11720,
11059,
11723,
11059,
11738,
11059,
11739,
11059,
11720,
11059,
11720,
11059,
11722,
11059,
11724,
11059,
11721,
11059,
11722,
11059,
11739,
11059,
11727,
11059,
11722,
11059,
11736,
11059,
11732,
11059,
11720,
11059,
11728,
11059,
11721,
11059,
11722,
11059,
11724,
11059,
11724,
11059,
11738,
11059,
11720,
11059,
11726,
11059,
11731,
11059,
11724,
11059,
11727,
11059,
11725,
11059,
11720,
11059,
11720,
11059,
11725,
11059,
11735,
11059,
11720,
11059,
11724,
11059,
11737,
11059,
11730,
11059,
11725,
11059,
11737,
11059,
11891,
11059,
11735,
11059,
11965,
11059,
11720,
11059,
11720,
11059,
11730,
11059,
11726,
11059,
11720,
11059,
11731,
11059,
11726,
11059,
11726,
11059,
11720,
11059,
11727,
11059,
11731,
11059,
11720,
11059,
11738,
11059,
11824,
11059,
12349,
11059,
11723,
11059,
12178,
11059,
11723,
11059,
11729,
11059,
11724,
11059,
11722,
11059,
11732,
11059,
11722,
11059,
11721,
11059,
11725,
11059,
11720,
11059,
11722,
11059,
11744,
11059,
11720,
11059,
11727,
11059,
11726,
11059,
11731,
11059,
11726,
11059,
11729,
11059,
11747,
11059,
11730,
11059,
11720,
11059,
11738,
11059,
11741,
11059,
11737,
11059,
11722,
11059,
11728,
11059,
11736,
11059,
11720,
11059,
11720,
11059,
11720,
11059,
11720,
11059,
11726,
11059,
11720,
11059,
11723,
11059,
11722,
11059,
11724,
11059,
11726,
11059,
11736,
11059,
11722,
11059,
11737,
11059,
11730,
11059,
11725,
11059,
11720,
11059,
11734,
11059,
11720,
11059,
11726,
11059,
11732,
11059,
11720,
11059,
11720,
11059,
11722,
11059,
11726,
11059,
11722,
11059,
11737,
11059,
11720,
11059,
11745,
11059,
11725,
11059,
11720,
11059,
11733,
11059,
11750,
11059,
11725,
11059,
11720,
11059,
11742,
11059,
11720,
11059,
11726,
11059,
11733,
11059,
11720,
11059,
11722,
11059,
12317,
11059,
11725,
11059,
11719,
11059,
11752,
11059,
11725,
11059,
11720,
11059,
11720,
11059,
11720,
11059,
11724,
11059,
11720,
11059,
11724,
11059,
11720,
11059,
11728,
11059,
11720,
11059,
11738,
11059,
11720,
11059,
11721,
11059,
11741,
11059,
11724,
11059,
11723,
11059,
11734,
11059,
11720,
11059,
11732,
11059,
11733,
11059,
11734,
11059,
11732,
11059,
11728,
11059,
11733,
11059,
11727,
11059,
11724,
11059,
11735,
11059,
11739,
11059,
11731,
11059,
11720,
11059,
11720,
11059,
11720,
11059,
11727,
11059,
11741,
11059,
11725,
11059,
11740,
11059,
11730,
11059,
11720,
11059,
11728,
11059,
11736,
11059,
11720,
11059,
11720,
11059,
11720,
11059,
11725,
11059,
11720,
11059,
11733,
11059,
11729,
11059,
11720,
11059,
11720,
11059,
11721,
11059,
11720,
11059,
11733,
11059,
11723,
11059,
11831,
11059,
11825,
11059,
11731,
11059,
11968,
11059,
11721,
11059,
11730,
11059,
11731,
11059,
11721,
11059,
11727,
11059,
11733,
11059,
11720,
11059,
11725,
11059,
11720,
11059,
11720,
11059,
11721,
11059,
11725,
11059,
11720,
11059,
11735,
11059,
12153,
11059,
11752,
11059,
11720,
11059,
11720,
11059,
11734,
11059,
11785,
11059,
11728,
11059,
11723,
11059,
11720,
11059,
11720,
11059,
11720,
11059,
11746,
11059,
11725,
11059,
11733,
11059,
11729,
11059,
11720,
11059,
11720,
11059,
11722,
11059,
11729,
11059,
11724,
11059,
11724,
11059,
11741,
11059,
11725,
11059,
11725,
11059,
11732,
11059,
11727,
11059,
11733,
11059,
11720,
11059,
11727,
11059,
11724,
11059,
11730,
11059,
11720,
11059,
11726,
11059,
11738,
11059,
11731,
11059,
11728,
11059,
11726,
11059,
11731,
11059,
11727,
11059,
11736,
11059,
11722,
11059,
11733,
11059,
11750,
11059,
11725,
11059,
11733,
11059,
11742,
11059,
11720,
11059,
11724,
11059,
11720,
11059,
11724,
11059,
11736,
11059,
11726,
11059,
11728,
11059,
11741,
11059,
11731,
11059,
11720,
11059,
11724,
11059,
11735,
11059,
11721,
11059,
11738,
11059,
11720,
11059,
11720,
11059,
11719,
11059,
12177,
11059,
11722,
11059,
11734,
11059,
11729,
11059,
11728,
11059,
11745,
11059,
11720,
11059,
11738,
11059,
11730,
11059,
11724,
11059,
11744,
11059,
11720,
11059,
11733,
11059,
11738,
11059,
11741,
11059,
11738,
11059,
11740,
11059,
11723,
11059,
11720,
11059,
11720,
11059,
11726,
11059,
11722,
11059,
11721,
11059,
11725,
11059,
11720,
11059,
11721,
11059,
11726,
11059,
11720,
11059,
11720,
11059,
11732,
11059,
11720,
11059,
11746,
11059,
11725,
11059,
11728,
11059,
11720,
11059,
11732,
11059,
12096,
11059,
11722,
11059,
11727,
11059,
11733,
11059,
11745,
11059,
11732,
11059,
11720,
11059,
11720,
11059,
11720,
11059,
11739,
11059,
11736,
11059,
11726,
11059,
11730,
11059,
11731,
11059,
11990,
11059,
11723,
11059,
11730,
11059,
11727,
11059,
11721,
11059,
11740,
11059,
11728,
11059,
11741,
11059,
11720,
11059,
11735,
11059,
11725,
11059,
11740,
11059,
11726,
11059,
11729,
11059,
11735,
11059,
11738,
11059,
11737,
11059,
11720,
11059,
11721,
11059,
11728,
11059,
11725,
11059,
11736,
11059,
11721,
11059,
11727,
11059,
11725,
11059,
11725,
11059,
11742,
11059,
11720,
11059,
11730,
11059,
11720,
11059,
11725,
11059,
11728,
11059,
11720,
11059,
11720,
11059,
11728,
11059,
11726,
11059,
11731,
11059,
11720,
11059,
11740,
11059,
11727,
11059,
11733,
11059,
11720,
11059,
11725,
11059,
11720,
11059,
11725,
11059,
11728,
11059,
11737,
11059,
11726,
11059,
11743,
11059,
11723,
11059,
11742,
11059,
11720,
11059,
11738,
11059,
11720,
11059,
11726,
11059,
11720,
11059,
11737,
11059,
11720,
11059,
11726,
11059,
11720,
11059,
11722,
11059,
11731,
11059,
11726,
11059,
11732,
11059,
11731,
11059,
11733,
11059,
11725,
11059,
11727,
11059,
11720,
11059,
11720,
11059,
11720,
11059,
11739,
11059,
11730,
11059,
11737,
11059,
11726,
11059,
11727,
11059,
11720,
11059,
11721,
11059,
11725,
11059,
11731,
11059,
11725,
11059,
11727,
11059,
11722,
11059,
11724,
11059,
11729,
11059,
11735,
11059,
11725,
11059,
11725,
11059,
12185,
11059,
11734,
11059,
11745,
11059,
11738,
11059,
12037,
11059,
11727,
11059,
11720,
11059,
11734,
11059,
11726,
11059,
11720,
11059,
11734,
11059,
11720,
11059,
11720,
11059,
11731,
11059,
11724,
11059,
11722,
11059,
11738,
11059,
11720,
11059,
11720,
11059,
11722,
11059,
11723,
11059,
11735,
11059,
11720,
11059,
11730,
11059,
11721,
11059,
11730,
11059,
11738,
11059,
11730,
11059,
11725,
11059,
11728,
11059,
11720,
11059,
11745,
11059,
11720,
11059,
11728,
11059,
11720,
11059,
11720,
11059,
11724,
11059,
11720,
11059,
11741,
11059,
11722,
11059,
11738,
11059,
11726,
11059,
11720,
11059,
11737,
11059,
11726,
11059,
11758,
11059,
11728,
11059,
11720,
11059,
11726,
11059,
11720,
11059,
11730,
11059,
11746,
11059,
11727,
11059,
11720,
11059,
11723,
11059,
11720,
11059,
11720,
11059,
11726,
11059,
11724,
11059,
11724,
11059,
11728,
11059,
11727,
11059,
11743,
11059,
11720,
11059,
11746,
11059,
11728,
11059,
11720,
11059,
11726,
11059,
11728,
11059,
11720,
11059,
11725,
11059,
11720,
11059,
11722,
11059,
11724,
11059,
11721,
11059,
11720,
11059,
11772,
11059,
12272,
11059,
11726,
11059,
11724,
11059,
11737,
11059,
11730,
11059,
11725,
11059,
11720,
11059,
11724,
11059,
11956,
11059,
11724,
11059,
11720,
11059,
11730,
11059,
11728,
11059,
11722,
11059,
11737,
11059,
11720,
11059,
11720,
11059,
11732,
11059,
11745,
11059,
11732,
11059,
12273,
11059,
11741,
11059,
11722,
11059,
11730,
11059,
11720,
11059,
11721,
11059,
11736,
11059,
11729,
11059,
11731,
11059,
11731,
11059,
11740,
11059,
11721,
11059,
11720,
11059,
11735,
11059,
11727,
11059,
11730,
11059,
11720,
11059,
11727,
11059,
11749,
11059,
11735,
11059,
11721,
11059,
11725,
11059,
11733,
11059,
11730,
11059,
11727,
11059,
11733,
11059,
11726,
11059,
11720,
11059,
11724,
11059,
11727,
11059,
11733,
11059,
11739,
11059,
11733,
11059,
11730,
11059,
11720,
11059,
11720,
11059,
11736,
11059,
11720,
11059,
11730,
11059,
11727,
11059,
11720,
11059,
11737,
11059,
11720,
11059,
11729,
11059,
11720,
11059,
11720,
11059,
11724,
11059,
11726,
11059,
11720,
11059,
11726,
11059,
11726,
11059,
11724,
11059,
12217,
11059,
11728,
11059,
11725,
11059,
11726,
11059,
11739,
11059,
11731,
11059,
11731,
11059,
11720,
11059,
11735,
11059,
11719,
11059,
11944,
11059,
11724,
11059,
11743,
11059,
11720,
11059,
11720,
11059,
11726,
11059,
11737,
11059,
11720,
11059,
11733,
11059,
11721,
11059,
11991,
11059,
11730,
11059,
11720,
11059,
11742,
11059,
11725,
11059,
11720,
11059,
11725,
11059,
11746,
11059,
11720,
11059,
11740,
11059,
11720,
11059,
11720,
11059,
11895,
11059,
11720,
11059,
11733,
11059,
11720,
11059,
11732,
11059,
11760,
11059,
11727,
11059,
11732,
11059,
11736,
11059,
11720,
11059,
11723,
11059,
11722,
11059,
11732,
11059,
11720,
11059,
11722,
11059,
11729,
11059,
11721,
11059,
11735,
11059,
11726,
11059,
11720,
11059,
11720,
11059,
11721,
11059,
11723,
11059,
11729,
11059,
11726,
11059,
11729,
11059,
11732,
11059,
11724,
11059,
12045,
11059,
11720,
11059,
11729,
11059,
11729,
11059,
11725,
11059,
11723,
11059,
11726,
11059,
11731,
11059,
11731,
11059,
11726,
11059,
11722,
11059,
11727,
11059,
11721,
11059,
11733,
11059,
