30511,
26504,
29859,
25060,
29252,
24300,
29092,
23921,
28800,
23921,
28589,
23137,
28252,
23137,
27991,
23137,
27450,
23137,
27115,
23137,
26627,
22515,
26050,
21984,
25777,
21550,
25275,
21550,
24945,
21101,
24471,
19679,
23954,
19679,
23317,
19492,
22713,
17296,
22169,
17296,
21586,
17296,
21269,
17296,
20754,
17296,
20471,
16723,
20370,
16557,
19829,
16557,
19710,
15673,
19293,
15673,
18867,
15558,
18254,
14921,
17574,
14619,
16572,
14619,
16286,
14140,
15877,
14062,
15736,
14061,
15340,
13774,
15169,
13305,
14933,
13225,
14790,
13225,
14475,
12941,
14357,
12941,
14110,
12941,
14058,
12786,
13743,
12779,
13505,
12687,
13297,
12478,
13187,
12313,
13002,
12313,
13034,
12300,
12766,
12213,
12677,
12035,
12561,
12035,
12419,
12035,
12230,
12035,
12138,
12035,
12110,
12035,
12104,
12035,
12083,
12035,
12062,
12035,
12068,
12035,
12068,
12035,
12070,
12035,
12071,
12035,
12071,
12035,
12058,
12035,
12064,
12035,
12058,
12035,
12062,
12035,
12058,
12035,
12071,
12035,
12058,
12035,
12076,
12035,
12058,
12035,
12058,
12035,
12058,
11869,
12076,
11869,
12067,
11818,
12138,
11818,
12118,
11785,
12224,
11785,
12764,
11785,
12356,
11785,
12311,
11785,
12067,
11785,
11850,
11778,
11821,
11778,
11899,
11724,
11900,
11724,
11977,
11707,
12008,
11707,
11960,
11707,
11724,
11707,
11706,
11543,
12024,
11543,
11710,
11543,
11715,
11543,
11707,
11543,
11713,
11543,
11711,
11543,
11717,
11543,
11719,
11543,
11711,
11543,
11708,
11543,
11712,
11543,
11732,
11543,
11707,
11543,
11745,
11543,
11720,
11543,
11707,
11543,
11715,
11543,
11713,
11543,
11719,
11543,
11707,
11543,
11717,
11543,
11715,
11543,
11707,
11543,
11709,
11543,
11714,
11543,
11707,
11543,
11707,
11543,
11710,
11543,
11720,
11462,
11778,
11462,
11714,
11462,
11700,
11462,
11581,
11462,
11484,
11462,
11484,
11462,
11468,
11462,
11462,
11462,
11477,
11462,
11472,
11462,
11462,
11462,
11462,
11462,
11472,
11462,
11474,
11462,
11468,
11462,
11477,
11462,
11466,
11462,
11468,
11462,
11468,
11462,
11468,
11462,
11462,
11462,
11462,
11462,
11462,
11462,
11462,
11462,
11471,
11462,
11462,
11462,
11462,
11462,
11482,
11462,
11482,
11462,
11489,
11462,
11467,
11462,
11478,
11462,
11462,
11462,
11467,
11462,
11462,
11462,
11472,
11462,
11476,
11462,
11462,
11462,
11473,
11462,
11467,
11462,
11473,
11462,
11462,
11462,
11475,
11462,
11465,
11462,
11476,
11462,
11466,
11462,
11466,
11462,
11468,
11462,
11487,
11462,
11482,
11462,
11481,
11462,
11462,
11462,
11475,
11462,
11484,
11462,
11469,
11462,
11471,
11462,
11462,
11462,
11462,
11462,
11463,
11462,
11467,
11462,
11462,
11462,
11462,
11462,
11477,
11462,
11468,
11462,
11499,
11462,
11485,
11462,
11462,
11462,
11473,
11462,
11462,
11462,
11463,
11462,
11462,
11462,
11471,
11462,
11465,
11237,
11492,
11237,
11468,
11237,
11480,
11237,
11483,
11237,
11498,
11237,
11503,
11237,
11498,
11237,
11480,
11237,
11429,
11237,
11381,
11237,
11366,
11237,
11320,
11237,
11300,
11237,
11257,
11237,
11237,
11237,
11237,
11237,
11243,
11237,
11237,
11237,
11242,
11237,
11237,
11237,
11247,
11237,
11261,
11237,
11240,
11237,
11237,
11237,
11237,
11237,
11237,
11237,
11237,
11237,
11242,
11237,
11249,
11237,
11237,
11237,
11254,
11237,
11237,
11237,
11255,
11237,
11240,
11237,
11246,
11237,
11261,
11112,
11626,
11112,
11237,
11112,
11265,
11112,
11246,
11112,
11237,
11112,
11237,
11112,
11237,
11112,
11241,
11112,
11274,
11112,
11314,
11112,
11242,
10878,
11255,
10878,
11275,
10878,
11289,
10878,
11295,
10878,
11310,
10878,
11263,
10878,
11245,
10878,
11300,
10878,
11308,
10878,
11264,
10878,
11171,
10878,
11130,
10878,
11108,
10878,
11108,
10878,
11116,
10878,
11102,
10878,
11105,
10878,
11099,
10878,
11100,
10878,
11113,
10878,
11129,
10878,
11109,
10878,
11101,
10878,
11099,
10878,
11104,
10878,
11101,
10878,
11099,
10878,
11099,
10878,
11102,
10878,
11105,
10878,
11129,
10878,
11099,
10878,
11099,
10878,
11112,
10878,
11105,
10878,
11099,
10878,
11099,
10878,
11125,
10878,
11099,
10878,
11100,
10878,
11108,
10878,
11108,
10878,
11105,
10878,
11106,
10878,
11099,
10878,
11106,
10878,
11106,
10878,
11105,
10878,
11106,
10878,
11108,
10878,
11108,
10878,
11099,
10878,
11105,
10878,
11099,
10878,
11115,
10878,
11125,
10878,
11099,
10878,
11112,
10878,
11099,
10878,
11100,
10878,
11104,
10878,
11099,
10878,
11104,
10878,
11121,
10878,
11111,
10878,
11105,
10878,
11103,
10878,
11106,
10878,
11099,
10878,
11113,
10878,
11106,
10878,
11100,
10878,
11100,
10878,
11105,
10878,
11115,
10878,
11099,
10878,
11103,
10878,
11099,
10878,
11101,
10878,
11103,
10878,
11113,
10878,
11098,
10878,
11289,
10878,
11112,
10878,
11099,
10878,
11112,
10878,
11112,
10878,
11099,
10878,
11104,
10878,
11099,
10878,
11110,
10878,
11099,
10878,
11100,
10878,
11112,
10878,
11099,
10878,
11111,
10878,
11478,
10878,
11104,
10878,
11104,
10878,
11110,
10878,
11103,
10878,
11100,
10878,
11099,
10878,
11108,
10878,
11101,
10878,
11110,
10878,
11099,
10878,
11104,
10878,
11116,
10878,
11103,
10878,
11099,
10878,
11099,
10878,
11119,
10878,
11099,
10878,
11099,
10878,
11099,
10878,
11110,
10878,
11105,
10878,
11103,
10878,
11105,
10878,
11425,
10878,
11099,
10878,
11106,
10878,
11099,
10878,
11107,
10878,
11101,
10878,
11099,
10878,
11099,
10878,
11112,
10878,
11099,
10878,
11099,
10878,
11106,
10878,
11106,
10878,
11106,
10878,
11099,
10878,
11116,
10878,
11105,
10878,
11115,
10878,
11099,
10878,
11106,
10878,
11100,
10878,
11104,
10878,
11099,
10878,
11099,
10878,
11101,
10878,
11106,
10878,
11110,
10878,
11110,
10878,
11105,
10878,
11100,
10878,
11111,
10878,
11108,
10878,
11114,
10878,
11121,
10878,
11100,
10878,
11099,
10878,
11102,
10878,
11117,
10878,
11111,
10878,
11491,
10878,
11106,
10878,
11114,
10878,
11105,
10878,
11105,
10878,
11109,
10878,
11099,
10878,
11099,
10878,
11099,
10878,
11105,
10878,
11102,
10878,
11099,
10878,
11102,
10878,
11105,
10878,
11103,
10878,
11099,
10878,
11098,
10878,
11459,
10878,
11103,
10878,
11107,
10878,
11106,
10878,
11101,
10878,
11100,
10863,
11535,
10863,
11084,
10863,
11082,
10863,
11602,
10863,
11071,
10863,
11083,
10863,
11085,
10863,
11075,
10863,
11079,
10863,
11336,
10863,
11079,
10863,
11092,
10863,
11071,
10863,
11076,
10863,
11078,
10863,
11088,
10863,
11075,
10863,
11077,
10863,
11096,
10863,
11103,
10863,
11075,
10863,
11087,
10863,
11091,
10863,
11071,
10863,
11071,
10863,
11072,
10863,
11089,
10863,
11085,
10863,
11092,
10863,
11080,
10835,
11584,
10835,
11079,
10835,
11071,
10835,
11071,
10835,
11085,
10835,
11085,
10835,
11080,
10835,
11072,
10835,
11081,
10835,
11078,
10835,
11077,
10835,
11583,
10835,
11074,
10835,
11068,
10835,
11074,
10835,
11049,
10835,
11032,
10835,
11027,
10835,
11034,
10835,
11035,
10835,
11030,
10835,
11028,
10835,
11029,
10835,
11027,
10835,
11032,
10835,
11032,
10835,
11033,
10835,
11040,
10835,
11036,
10835,
11040,
10835,
11029,
10835,
11037,
10835,
11046,
10835,
11034,
10835,
11031,
10835,
11030,
10835,
11054,
10835,
11047,
10835,
11048,
10835,
11027,
10835,
11041,
10835,
11030,
10835,
11036,
10835,
11039,
10835,
11031,
10835,
11041,
10835,
11054,
10835,
11027,
10835,
11027,
10835,
11052,
10835,
11037,
10835,
11032,
10835,
11042,
10835,
11049,
10835,
11032,
10835,
11032,
10835,
11042,
10835,
11027,
10835,
11030,
10835,
11030,
10835,
11048,
10835,
11042,
10835,
11048,
10835,
11030,
10835,
11027,
10835,
11029,
10835,
11050,
10835,
11029,
10835,
11040,
10835,
11034,
10835,
11033,
10835,
11031,
10835,
11027,
10835,
11027,
10835,
11034,
10835,
11033,
10835,
11034,
10835,
11038,
10835,
11038,
10835,
11032,
10835,
11032,
10835,
11047,
10835,
11027,
10835,
11042,
10835,
11027,
10835,
11042,
10835,
11038,
10835,
11029,
10835,
11047,
10835,
11027,
10835,
11044,
10835,
11033,
10835,
11038,
10835,
11050,
10835,
11027,
10835,
11031,
10835,
11033,
10835,
11033,
10835,
11038,
10835,
11040,
10835,
11048,
10835,
11040,
10835,
11025,
10791,
11492,
10791,
11027,
10791,
11037,
10791,
11404,
10791,
11043,
10791,
11027,
10791,
11030,
10791,
11031,
10791,
11040,
10791,
11029,
10791,
11031,
10791,
11028,
10791,
11032,
10791,
11029,
10791,
11031,
10791,
11043,
10791,
11334,
10791,
11452,
10791,
11027,
10791,
11027,
10791,
11027,
10791,
11029,
10791,
11028,
10791,
11035,
10791,
11043,
10791,
11033,
10791,
11028,
10791,
11042,
10791,
11040,
10791,
11029,
10791,
11030,
10791,
11027,
10791,
11037,
10791,
11039,
10791,
11034,
10791,
11036,
10791,
11034,
10791,
11045,
10791,
11027,
10791,
11027,
10791,
11038,
10791,
11027,
10791,
11028,
10791,
11030,
10791,
11027,
10791,
11048,
10791,
11031,
10791,
11052,
10791,
11235,
10791,
11033,
10791,
11034,
10791,
11061,
10791,
11031,
10791,
11045,
10791,
11031,
10791,
11038,
10791,
11027,
10791,
11027,
10791,
11031,
10791,
11034,
10791,
11027,
10791,
11049,
10791,
11027,
10791,
11033,
10791,
11029,
10791,
11033,
10791,
11034,
10791,
11034,
10791,
11054,
10791,
11059,
10791,
11080,
10791,
10972,
10791,
10899,
10791,
10855,
10791,
10835,
10791,
10837,
10791,
10839,
10791,
10855,
10791,
10854,
10791,
10852,
10791,
10844,
10791,
10838,
10791,
10842,
10791,
10841,
10791,
10844,
10791,
10847,
10791,
10842,
10791,
10851,
10791,
10850,
10791,
11313,
10791,
10841,
10791,
10841,
10791,
10835,
10791,
10839,
10791,
10835,
10791,
10859,
10791,
10835,
10791,
10835,
10791,
10835,
10791,
10837,
10791,
10835,
10791,
10845,
10791,
10835,
10791,
10844,
10791,
10842,
10791,
10838,
10791,
10835,
10791,
10841,
10791,
10835,
10791,
10835,
10791,
10837,
10791,
10835,
10791,
10842,
10791,
10835,
10791,
10839,
10791,
10840,
10791,
10845,
10791,
10837,
10781,
10900,
10781,
10837,
10781,
10851,
10781,
10841,
10781,
10844,
10781,
10845,
10781,
10835,
10781,
10847,
10781,
10835,
10781,
10840,
10781,
10835,
10781,
10848,
10781,
10835,
10781,
10855,
10781,
10847,
10781,
10835,
10781,
10843,
10781,
10849,
10781,
10848,
10781,
10835,
10781,
10848,
10781,
10835,
10781,
10849,
10781,
10838,
10781,
10835,
10781,
10837,
10781,
10844,
10781,
10836,
10781,
10835,
10781,
10837,
10781,
10855,
10781,
10835,
10781,
10849,
10781,
10841,
10781,
10839,
10781,
10844,
10781,
10837,
10781,
10836,
10781,
10836,
10781,
10849,
10781,
10845,
10781,
10835,
10781,
10841,
10781,
10836,
10781,
10842,
10781,
10852,
10781,
10839,
10781,
10865,
10781,
10835,
10781,
10856,
10781,
10835,
10781,
10837,
10781,
10848,
10781,
10856,
10781,
10836,
10781,
10841,
10781,
10849,
10781,
10837,
10781,
10835,
10781,
10860,
10781,
10858,
10781,
10841,
10781,
10846,
10781,
10835,
10781,
10835,
10781,
10849,
10781,
10844,
10781,
10855,
10781,
10849,
10781,
10836,
10781,
10839,
10781,
10848,
10781,
10848,
10781,
10855,
10781,
10848,
10781,
10847,
10781,
10868,
10781,
10852,
10781,
10835,
10781,
10848,
10781,
10835,
10781,
10841,
10781,
10839,
10781,
10853,
10781,
10846,
10781,
10835,
10781,
10841,
10781,
10841,
10781,
10835,
10781,
10854,
10781,
10846,
10781,
10847,
10781,
10835,
10781,
10853,
10781,
11151,
10781,
11008,
10781,
10835,
10781,
10842,
10781,
10849,
10781,
10835,
10781,
10850,
10781,
10835,
10781,
10847,
10781,
10835,
10781,
10837,
10781,
10880,
10781,
10861,
10781,
10859,
10781,
10836,
10781,
10841,
10781,
10841,
10781,
10840,
10781,
10843,
10781,
10835,
10781,
10841,
10781,
10842,
10781,
10848,
10781,
10843,
10781,
10847,
10781,
10846,
10781,
10841,
10781,
10866,
10781,
10835,
10781,
10844,
10781,
10841,
10781,
10842,
10781,
10844,
10781,
10837,
10781,
10843,
10781,
10842,
10781,
10871,
10781,
10864,
10781,
10842,
10781,
10859,
10781,
10835,
10781,
10860,
10781,
10835,
10781,
10855,
10781,
10858,
10781,
10835,
10781,
10835,
10781,
10859,
10781,
10835,
10781,
10842,
10781,
10841,
10781,
10837,
10781,
10835,
10781,
10849,
10781,
10837,
10781,
10836,
10781,
10846,
10781,
10835,
10781,
10835,
10781,
10851,
10781,
10837,
10781,
10837,
10781,
10843,
10781,
10845,
10781,
10835,
10781,
10841,
10781,
10844,
10781,
10858,
10781,
10835,
10781,
10846,
10762,
11064,
10762,
10860,
10762,
10835,
10762,
10846,
10762,
10856,
10762,
10848,
10762,
10856,
10571,
11208,
10571,
10836,
10571,
10835,
10571,
10836,
10571,
10865,
10571,
10839,
10571,
10835,
10571,
10843,
10571,
10835,
10571,
10841,
10571,
10835,
10571,
10835,
10571,
10845,
10571,
10850,
10571,
10854,
10571,
10860,
10571,
10853,
10571,
10835,
10571,
10846,
10571,
10835,
10571,
10848,
10571,
10841,
10571,
10864,
10571,
10836,
10571,
10840,
10571,
10848,
10571,
10850,
10571,
10842,
10571,
10837,
10571,
10840,
10571,
10842,
10571,
10835,
10571,
10835,
10571,
10835,
10571,
10851,
10571,
10844,
10571,
10838,
10571,
10835,
10571,
10835,
10571,
10845,
10571,
10846,
10571,
10838,
10571,
10843,
10571,
10843,
10571,
11154,
10571,
10835,
10571,
10843,
10571,
10844,
10571,
10835,
10571,
10835,
10571,
10835,
10571,
10850,
10571,
10836,
10571,
10852,
10571,
11158,
10571,
10842,
10571,
10836,
10571,
10837,
10571,
10854,
10571,
10835,
10571,
10835,
10571,
10841,
10571,
10848,
10571,
10849,
10571,
10838,
10571,
10854,
10571,
10841,
10571,
10842,
10571,
10845,
10571,
10858,
10571,
10846,
10571,
10853,
10571,
10839,
10571,
10848,
10571,
10844,
10571,
10858,
10571,
10835,
10571,
10843,
10571,
10863,
10571,
10847,
10571,
10835,
10571,
10847,
10571,
10835,
10571,
10840,
10571,
11276,
10571,
10841,
10571,
10835,
10571,
10835,
10571,
10842,
10571,
10839,
10571,
10835,
10571,
10835,
10571,
10859,
10571,
10840,
10571,
10850,
10571,
10840,
10571,
10841,
10571,
10847,
10571,
10835,
10571,
10842,
10571,
10835,
10571,
10845,
10571,
10835,
10571,
10842,
10571,
10850,
10571,
10835,
10571,
10835,
10571,
10838,
10571,
10836,
10571,
10841,
10571,
10838,
10571,
10841,
10571,
10860,
10571,
10868,
10571,
10854,
10571,
10842,
10571,
10835,
10571,
10839,
10571,
10842,
10571,
10851,
10571,
10837,
10571,
10838,
10571,
10847,
10571,
10839,
10571,
10841,
10571,
10846,
10571,
10835,
10571,
10850,
10571,
10838,
10571,
10844,
10571,
10842,
10571,
10857,
10571,
10851,
10571,
10835,
10571,
10841,
10571,
10849,
10571,
10835,
10571,
10850,
10571,
10846,
10571,
10836,
10571,
10841,
10571,
10836,
10571,
10835,
10571,
10841,
10571,
10851,
10571,
10844,
10571,
10839,
10571,
10854,
10571,
10852,
10571,
10842,
10571,
10838,
10571,
10849,
10571,
10843,
10571,
10854,
10571,
10846,
10571,
