30442,
26660,
29860,
25688,
29532,
25688,
29126,
23585,
28771,
23585,
28695,
23585,
28746,
23585,
28618,
23585,
28427,
23585,
28171,
23239,
27835,
23239,
27350,
22864,
27206,
21341,
26668,
21341,
26338,
21341,
25717,
21309,
24948,
21176,
24477,
21064,
24076,
20004,
23840,
19801,
23336,
19676,
23335,
19648,
22954,
18840,
22800,
18728,
22590,
18545,
22341,
18545,
21964,
18545,
21531,
17978,
21493,
17569,
21541,
17569,
21065,
17212,
20685,
17212,
20359,
16737,
20090,
16737,
19933,
15757,
19352,
15757,
19374,
15757,
19102,
15757,
18739,
15757,
18589,
15757,
18162,
15242,
17592,
14622,
17211,
14428,
16842,
14428,
16588,
14076,
16376,
14076,
15917,
13321,
15499,
13204,
15009,
13204,
14688,
12904,
14576,
12712,
14471,
12712,
13890,
12350,
13581,
12110,
13154,
11804,
12813,
11556,
12638,
11556,
12405,
11519,
12264,
11282,
12087,
11238,
11901,
11192,
11678,
10925,
11635,
10830,
11482,
10717,
11274,
10717,
11501,
10711,
11033,
10471,
10869,
10471,
10778,
10327,
10703,
10327,
10598,
10327,
10449,
10257,
10401,
10257,
10338,
10257,
10325,
10250,
10259,
10250,
10274,
10250,
10266,
10250,
10255,
10118,
11031,
10118,
10261,
10118,
10252,
10118,
10255,
10118,
10289,
10118,
10251,
10118,
10261,
10118,
10277,
10118,
10264,
10118,
10262,
10118,
10258,
10118,
10250,
10118,
10255,
10118,
10254,
10118,
10269,
10118,
10253,
10118,
10251,
10118,
10271,
10118,
10260,
10118,
10261,
10118,
10252,
10118,
10263,
10118,
10250,
10118,
10252,
10118,
10282,
10118,
10342,
10118,
10249,
10106,
10807,
10106,
10270,
9956,
10590,
9956,
10270,
9956,
10250,
9956,
10249,
9956,
10389,
9956,
10256,
9956,
10254,
9956,
10261,
9956,
10256,
9956,
10253,
9956,
10261,
9956,
10264,
9956,
10252,
9956,
10262,
9956,
10259,
9956,
10250,
9956,
10281,
9956,
10256,
9956,
10262,
9956,
10600,
9956,
10250,
9956,
10257,
9956,
10258,
9956,
10253,
9956,
10259,
9956,
10254,
9956,
10261,
9956,
10252,
9956,
10259,
9956,
10258,
9956,
10264,
9956,
10255,
9956,
10260,
9956,
10250,
9956,
10264,
9956,
10261,
9956,
10273,
9956,
10254,
9956,
10250,
9956,
10256,
9956,
10256,
9956,
10253,
9956,
10250,
9956,
10255,
9956,
10250,
9956,
10250,
9956,
10259,
9956,
10253,
9956,
10256,
9956,
10263,
9956,
10274,
9956,
10263,
9956,
10252,
9956,
10264,
9956,
10250,
9956,
10250,
9956,
10251,
9956,
10253,
9956,
10276,
9956,
10262,
9956,
10253,
9956,
10271,
9956,
10264,
9956,
10251,
9956,
10257,
9956,
10250,
9956,
10251,
9956,
10250,
9956,
10261,
9956,
10250,
9956,
10256,
9956,
10265,
9956,
10250,
9956,
10263,
9956,
10250,
9956,
10263,
9956,
10264,
9956,
10250,
9956,
10250,
9956,
10267,
9956,
10265,
9956,
10254,
9956,
10261,
9956,
10250,
9956,
10262,
9956,
10249,
9956,
10967,
9956,
10252,
9956,
10258,
9956,
10253,
9956,
10250,
9956,
10250,
9956,
10250,
9956,
10254,
9956,
10266,
9956,
10250,
9956,
10253,
9956,
10262,
9956,
10250,
9956,
10250,
9956,
10268,
9956,
10250,
9956,
10254,
9956,
10254,
9956,
10250,
9956,
10250,
9956,
10255,
9956,
10250,
9956,
10253,
9956,
10250,
9956,
10265,
9956,
10250,
9956,
10266,
9956,
10251,
9956,
10278,
9956,
10250,
9956,
10251,
9956,
10255,
9956,
10261,
9956,
10278,
9956,
10250,
9956,
10249,
9956,
10387,
9956,
10255,
9956,
10260,
9956,
10261,
9956,
10254,
9956,
10272,
9956,
10257,
9956,
10272,
9956,
10261,
9956,
10261,
9956,
10254,
9956,
10250,
9956,
10259,
9956,
10262,
9956,
10250,
9956,
10250,
9956,
10256,
9956,
10259,
9956,
10257,
9956,
10249,
9956,
10256,
9956,
10281,
9956,
10283,
9956,
10278,
9956,
10238,
9956,
10199,
9956,
10184,
9956,
10184,
9956,
10197,
9956,
10186,
9956,
10194,
9956,
10215,
9956,
10199,
9956,
10194,
9956,
10191,
9956,
10189,
9956,
10184,
9956,
10189,
9956,
10184,
9956,
10201,
9956,
10184,
9956,
10184,
9956,
10184,
9956,
10189,
9956,
10184,
9956,
10184,
9956,
10184,
9956,
10184,
9956,
10198,
9956,
10192,
9956,
10191,
9956,
10191,
9956,
10184,
9956,
10200,
9956,
10185,
9956,
10184,
9956,
10189,
9956,
10190,
9956,
10193,
9956,
10185,
9956,
10199,
9956,
10187,
9956,
10211,
9956,
10184,
9956,
10187,
9956,
10193,
9956,
10230,
9956,
10186,
9956,
10184,
9956,
10200,
9956,
10184,
9956,
10205,
9956,
10185,
9956,
10189,
9956,
10192,
9956,
10203,
9956,
10195,
9956,
10184,
9956,
10197,
9956,
10203,
9956,
10194,
9956,
10186,
9956,
10201,
9956,
10184,
9956,
10191,
9956,
10197,
9956,
10189,
9956,
10187,
9956,
10189,
9956,
10196,
9956,
10190,
9956,
10201,
9956,
10185,
9956,
10184,
9956,
10186,
9956,
10207,
9956,
10197,
9956,
10185,
9956,
10184,
9956,
10184,
9956,
10202,
9956,
10208,
9956,
10184,
9956,
10199,
9956,
10185,
9956,
10194,
9956,
10184,
9956,
10195,
9956,
10187,
9956,
10220,
9956,
10186,
9956,
10196,
9956,
10198,
9956,
10184,
9956,
10183,
9956,
10405,
9956,
10186,
9956,
10194,
9956,
10192,
9956,
10194,
9956,
10192,
9956,
10190,
9956,
10193,
9956,
10195,
9956,
10184,
9956,
10184,
9956,
10195,
9956,
10184,
9956,
10205,
9956,
10194,
9956,
10184,
9956,
10186,
9956,
10190,
9956,
10187,
9956,
10210,
9956,
10184,
9956,
10194,
9956,
10207,
9956,
10184,
9956,
10198,
9956,
10184,
9956,
10185,
9956,
10185,
9956,
10188,
9956,
10184,
9956,
10185,
9956,
10184,
9956,
10184,
9956,
10184,
9956,
10201,
9956,
10210,
9956,
10189,
9956,
10188,
9956,
10189,
9956,
10209,
9956,
10193,
9956,
10186,
9956,
10184,
9956,
10204,
9956,
10184,
9956,
10197,
9956,
10198,
9956,
10184,
9956,
10193,
9956,
10197,
9956,
10191,
9956,
10184,
9956,
10193,
9956,
10183,
9956,
10271,
9956,
10184,
9956,
10184,
9956,
10188,
9956,
10187,
9956,
10184,
9956,
10184,
9956,
10191,
9956,
10195,
9956,
10188,
9956,
10187,
9956,
10190,
9956,
10184,
9956,
10185,
9956,
10192,
9956,
10189,
9956,
10184,
9956,
10197,
9956,
10188,
9956,
10186,
9956,
10186,
9956,
10189,
9956,
10184,
9956,
10199,
9956,
10197,
9956,
10192,
9956,
10200,
9956,
10199,
9956,
10185,
9956,
10184,
9956,
10208,
9956,
10184,
9956,
10184,
9956,
10189,
9956,
10184,
9956,
10186,
9956,
10195,
9956,
10198,
9956,
10188,
9956,
10189,
9956,
10198,
9956,
10190,
9956,
10188,
9956,
10196,
9956,
10211,
9956,
10184,
9956,
10184,
9956,
10210,
9956,
10195,
9956,
10214,
9956,
10207,
9956,
10186,
9956,
10195,
9956,
10189,
9956,
10192,
9956,
10206,
9956,
10191,
9956,
10184,
9956,
10199,
9956,
10197,
9956,
10184,
9956,
10198,
9956,
10211,
9956,
10191,
9956,
10191,
9956,
10184,
9956,
10187,
9956,
10195,
9956,
10188,
9956,
10203,
9956,
10184,
9956,
10184,
9956,
10186,
9956,
10184,
9956,
10184,
9956,
10186,
9956,
10184,
9956,
10186,
9956,
10192,
9956,
10197,
9956,
10188,
9956,
10199,
9956,
10207,
9956,
10200,
9956,
10184,
9956,
10184,
9956,
10192,
9956,
10210,
9956,
10192,
9956,
10184,
9956,
10195,
9956,
10824,
9956,
10184,
9956,
10198,
9956,
10200,
9956,
10189,
9956,
10187,
9956,
10197,
9956,
10184,
9956,
10184,
9956,
10184,
9956,
10186,
9956,
10199,
9956,
10198,
9956,
10185,
9956,
10193,
9956,
10209,
9956,
10188,
9956,
10184,
9956,
10189,
9956,
10205,
9956,
10184,
9956,
10184,
9956,
10183,
9956,
10551,
9956,
10191,
9956,
10199,
9956,
10184,
9956,
10191,
9956,
10184,
9956,
10184,
9956,
10203,
9956,
10187,
9956,
10184,
9956,
10187,
9956,
10184,
9956,
10196,
9956,
10209,
9956,
10191,
9956,
10215,
9956,
10185,
9956,
10184,
9956,
10195,
9956,
10184,
9956,
10199,
9956,
10184,
9956,
10184,
9956,
10227,
9956,
10184,
9956,
10185,
9956,
10191,
9956,
10200,
9956,
10188,
9956,
10192,
9956,
10206,
9956,
10194,
9956,
10191,
9956,
10184,
9956,
10190,
9956,
10188,
9956,
10197,
9956,
10196,
9956,
10185,
9956,
10203,
9956,
10184,
9956,
10186,
9956,
10235,
9956,
10184,
9956,
10186,
9956,
10186,
9956,
10204,
9956,
10184,
9956,
10184,
9956,
10193,
9956,
10223,
9956,
10199,
9956,
10192,
9956,
10190,
9956,
10197,
9956,
10184,
9956,
10201,
9956,
10196,
9956,
10187,
9956,
10188,
9956,
10188,
9956,
10195,
9956,
10191,
9956,
10190,
9956,
10184,
9956,
10192,
9956,
10197,
9956,
10195,
9956,
10203,
9956,
10187,
9956,
10194,
9956,
10186,
9956,
10186,
9956,
10206,
9956,
10189,
9956,
10190,
9956,
10196,
9956,
10187,
9956,
10199,
9956,
10219,
9956,
10194,
9956,
10187,
9956,
10190,
9956,
10211,
9956,
10184,
9956,
10184,
9956,
10190,
9956,
10199,
9956,
10197,
9956,
10189,
9956,
10197,
9956,
10186,
9956,
10193,
9956,
10184,
9956,
10194,
9956,
10187,
9956,
10187,
9956,
10189,
9956,
10186,
9956,
10197,
9956,
10188,
9956,
10184,
9956,
10195,
9956,
10199,
9956,
10184,
9956,
10186,
9956,
10201,
9956,
10185,
9956,
10183,
9956,
10465,
9956,
10197,
9956,
10195,
9956,
10200,
9956,
10184,
9956,
10187,
9956,
10193,
9956,
10199,
9956,
10184,
9956,
10184,
9956,
10191,
9956,
10209,
9956,
10200,
9956,
10206,
9956,
10183,
9956,
10329,
9956,
10195,
9956,
10190,
9956,
10206,
9956,
10271,
9956,
10184,
9956,
10193,
9956,
10185,
9956,
10200,
9956,
10196,
9956,
10184,
9956,
10196,
9956,
10190,
9956,
10184,
9956,
10184,
9956,
10193,
9956,
10184,
9956,
10194,
9956,
10188,
9956,
10187,
9956,
10193,
9956,
10185,
9890,
10229,
9890,
10187,
9890,
10204,
9890,
10203,
9890,
10539,
9890,
10188,
9890,
10199,
9890,
10189,
9890,
10188,
9890,
10196,
9890,
10190,
9890,
10187,
9890,
10191,
9890,
10184,
9890,
10194,
9890,
10188,
9890,
10184,
9890,
10188,
9890,
10197,
9890,
10184,
9890,
10188,
9890,
10190,
9890,
10186,
9890,
10184,
9890,
10191,
9890,
10193,
9890,
10187,
9890,
10629,
9890,
10199,
9890,
10195,
9890,
10190,
9890,
10203,
9890,
10184,
9890,
10191,
9890,
10187,
9890,
10191,
9890,
10184,
9890,
10188,
9890,
10189,
9890,
10198,
9890,
10184,
9890,
10184,
9890,
10184,
9890,
10184,
9890,
10203,
9890,
10188,
9890,
10185,
9890,
10199,
9890,
10184,
9890,
10184,
9890,
10191,
9890,
10198,
9890,
10199,
9890,
10190,
9890,
10191,
9890,
10187,
9890,
10184,
9890,
10191,
9890,
10207,
9890,
10186,
9890,
10200,
9890,
10193,
9890,
10195,
9890,
10184,
9890,
10184,
9890,
10190,
9890,
10192,
9890,
10194,
9890,
10186,
9890,
10192,
9890,
10213,
9890,
10191,
9890,
10183,
9890,
10197,
9890,
10198,
9890,
10194,
9890,
10179,
9890,
10163,
9890,
10164,
9890,
10160,
9890,
10168,
9890,
10173,
9890,
10170,
9890,
10157,
9890,
10161,
9890,
10183,
9890,
10159,
9890,
10176,
9890,
10407,
9890,
10159,
9890,
10170,
9890,
10161,
9890,
10178,
9890,
10179,
9890,
10157,
9890,
10157,
9890,
10165,
9890,
10157,
9890,
10165,
9890,
10399,
9890,
10179,
9890,
10157,
9890,
10159,
9890,
10161,
9890,
10170,
9890,
10173,
9890,
10157,
9890,
10164,
9890,
10160,
9890,
10164,
9890,
10165,
9890,
10164,
9890,
10175,
9890,
10160,
9890,
10159,
9890,
10156,
9890,
10476,
9890,
10165,
9890,
10159,
9890,
10462,
9890,
10185,
9890,
10157,
9890,
10174,
9890,
10173,
9890,
10171,
9890,
10157,
9890,
10161,
9890,
10157,
9890,
10187,
9890,
10157,
9890,
10157,
9890,
10157,
9890,
10157,
9890,
10168,
9890,
10160,
9890,
10163,
9890,
10157,
9890,
10169,
9890,
10175,
9890,
10164,
9890,
10157,
9890,
10164,
9890,
10167,
9890,
10157,
9890,
10173,
9890,
10160,
9890,
10171,
9890,
10172,
9890,
10170,
9890,
10167,
9890,
10160,
9890,
10169,
9890,
10172,
9890,
10179,
9890,
10159,
9890,
10157,
9890,
10160,
9890,
10157,
9890,
10157,
9890,
10160,
9890,
10216,
9890,
10163,
9890,
10162,
9890,
10161,
9890,
10167,
9890,
10160,
9890,
10160,
9890,
10175,
9890,
10164,
9890,
10218,
9890,
10662,
9890,
10157,
9890,
10160,
9890,
10171,
9890,
10289,
9890,
10163,
9890,
10169,
9890,
10168,
9890,
10168,
9890,
10159,
9890,
10161,
9890,
10163,
9890,
10157,
9890,
10157,
9890,
10157,
9890,
10175,
9890,
10160,
9890,
10157,
9890,
10163,
9890,
10162,
9890,
10171,
9890,
10160,
9890,
10157,
9890,
10165,
9890,
10158,
9890,
10169,
9890,
10164,
9890,
10157,
9890,
10165,
9890,
10157,
9890,
10173,
9890,
10171,
9890,
10157,
9890,
10162,
9890,
10167,
9890,
10157,
9890,
10160,
9890,
10156,
9890,
10344,
9890,
10467,
9890,
10499,
9890,
10909,
9890,
10487,
9890,
10165,
9890,
10159,
9890,
10437,
9890,
10165,
9890,
10174,
9890,
10167,
9890,
10164,
9890,
10157,
9890,
10159,
9890,
10163,
9890,
10157,
9890,
10157,
9890,
10172,
9890,
10159,
9890,
10157,
9890,
10166,
9890,
10164,
9890,
10157,
9890,
10157,
9890,
10185,
9890,
10172,
9890,
10157,
9890,
10184,
9890,
10176,
9890,
10171,
9890,
10157,
9890,
10158,
9890,
10175,
9890,
10157,
9890,
10170,
9890,
10157,
9890,
10170,
9890,
10161,
9890,
10157,
9890,
10170,
9890,
10166,
9890,
10166,
9890,
10159,
9890,
10185,
9890,
10183,
9890,
10157,
9890,
10160,
9890,
10170,
9890,
10161,
9890,
10177,
9890,
10168,
9890,
10157,
9890,
10177,
9890,
10159,
9890,
10184,
9890,
10157,
9890,
10157,
9890,
10179,
9890,
10171,
9890,
10166,
9890,
10157,
9890,
10159,
9890,
10157,
9890,
10162,
9890,
10163,
9890,
10157,
9890,
10157,
9890,
10159,
9890,
10170,
9890,
10175,
9890,
10165,
9890,
10170,
9890,
10161,
9890,
10170,
9890,
10157,
9890,
10163,
9890,
10159,
9890,
10167,
9890,
10167,
9890,
10158,
9890,
10162,
9890,
10268,
9890,
10189,
9890,
10168,
9890,
10159,
9890,
10157,
9890,
10172,
9890,
10157,
9890,
10167,
9890,
10175,
9890,
10166,
9890,
10157,
9890,
10159,
9890,
10184,
9890,
10168,
9890,
10163,
9890,
10171,
9890,
10161,
9890,
10175,
9890,
10159,
9890,
10163,
9890,
10166,
9890,
10185,
9890,
10162,
9890,
10166,
9890,
10161,
9890,
10165,
9890,
10162,
9890,
10157,
9890,
10160,
9890,
10187,
9890,
10168,
9890,
10157,
9890,
10168,
9890,
10627,
9890,
10170,
9890,
10165,
9890,
10175,
9890,
10165,
9890,
10668,
9890,
10166,
9890,
10157,
9890,
10175,
9890,
10177,
9890,
10161,
9890,
10160,
9890,
10157,
9890,
10171,
9890,
10174,
9890,
10170,
9890,
10168,
9890,
10161,
9890,
10168,
9890,
10168,
9890,
