30546,
24912,
29743,
23813,
29321,
23813,
28919,
23813,
28965,
23813,
28611,
23813,
28424,
23574,
28083,
22661,
27687,
22661,
26947,
22661,
26350,
22661,
25439,
21731,
24872,
20921,
24138,
20921,
23761,
19719,
23420,
19540,
22661,
19540,
22432,
19534,
21883,
19505,
21552,
18763,
21217,
17638,
20852,
17577,
20252,
17215,
19701,
16450,
19460,
16450,
19300,
16450,
19008,
16450,
18639,
16246,
18398,
15979,
18179,
15622,
18036,
15622,
17823,
15379,
17288,
15016,
16968,
15016,
16730,
14740,
16371,
14280,
16149,
14280,
16046,
14169,
15970,
13885,
15584,
13685,
15294,
13685,
15031,
13365,
14903,
13280,
14797,
12357,
14398,
12357,
14160,
12357,
13889,
12267,
13678,
12267,
13372,
12267,
13098,
12267,
13051,
11869,
12767,
11533,
12567,
11485,
12384,
11485,
12247,
11427,
12052,
11427,
12011,
11226,
11908,
11226,
11807,
11226,
11662,
11226,
11642,
11226,
11543,
11133,
11471,
11121,
11367,
11120,
11316,
11095,
11274,
11095,
11214,
11081,
11149,
11078,
11123,
11062,
11085,
11060,
11071,
11060,
11063,
11060,
11071,
11060,
11065,
11060,
11065,
11060,
11086,
11060,
11067,
11060,
11082,
11060,
11060,
11060,
11063,
11060,
11063,
11060,
11067,
11060,
11083,
11060,
11060,
11060,
11062,
11060,
11073,
11060,
11060,
11060,
11064,
11060,
11065,
11060,
11071,
11060,
11080,
11060,
11060,
11060,
11067,
11060,
11079,
11060,
11063,
11060,
11060,
11060,
11060,
11060,
11073,
11060,
11078,
11060,
11097,
11060,
11061,
11060,
11067,
11060,
11077,
11060,
11072,
11060,
11062,
11060,
11079,
11060,
11070,
11060,
11078,
11060,
11075,
11060,
11074,
11060,
11075,
11060,
11063,
11060,
11060,
11060,
11061,
11060,
11070,
11060,
11060,
11060,
11060,
11060,
11067,
11060,
11060,
11060,
11072,
11060,
11076,
11060,
11071,
11060,
11078,
11060,
11065,
11060,
11070,
11060,
11060,
11060,
11082,
11060,
11071,
11060,
11088,
11060,
11088,
11060,
11067,
11060,
11060,
11060,
11071,
11060,
11067,
11060,
11060,
11060,
11067,
11060,
11068,
11060,
11062,
11060,
11060,
11060,
11060,
11060,
11074,
11060,
11079,
11060,
11064,
11060,
11061,
11060,
11060,
11060,
11064,
11060,
11062,
11060,
11060,
11060,
11068,
11060,
11060,
11060,
11070,
11060,
11082,
11060,
11060,
11060,
11060,
11060,
11060,
11060,
11097,
11060,
11065,
11060,
11076,
11060,
11067,
11060,
11062,
11060,
11060,
11060,
11074,
11060,
11072,
11060,
11062,
11052,
11077,
11052,
11086,
11040,
11121,
11040,
11083,
11015,
11057,
11009,
11045,
10826,
11037,
10809,
10942,
10809,
10860,
10809,
10843,
10809,
10822,
10809,
10818,
10809,
10826,
10809,
10829,
10538,
10809,
10538,
10780,
10538,
10683,
10538,
10559,
10538,
10544,
10538,
10538,
10538,
10545,
10538,
10538,
10538,
10552,
10538,
10544,
10538,
10546,
10538,
10539,
10538,
10553,
10538,
10541,
10538,
10562,
10538,
10538,
10538,
10558,
10538,
10558,
10538,
10546,
10527,
10555,
10527,
10547,
10527,
10547,
10527,
10538,
10527,
10538,
10527,
10538,
10527,
10544,
10527,
10543,
10527,
10548,
10527,
10551,
10527,
10538,
10527,
10538,
10527,
10548,
10527,
10550,
10527,
10539,
10527,
10547,
10527,
10571,
10527,
10548,
10527,
10549,
10527,
10538,
10527,
10550,
10527,
10551,
10420,
10612,
10420,
10540,
10420,
10561,
10420,
10547,
10420,
10553,
10420,
10549,
10420,
10542,
10420,
10538,
10420,
10542,
10420,
10544,
10420,
10556,
10420,
10541,
10420,
10552,
10420,
10544,
10420,
10549,
10420,
10542,
10420,
10556,
10420,
10546,
10420,
10550,
10420,
10549,
10420,
10538,
10420,
10541,
10420,
10546,
10420,
10538,
10420,
10542,
10420,
10547,
10420,
10541,
10420,
10554,
10420,
10541,
10420,
10550,
10420,
10540,
10420,
10544,
10420,
10544,
10420,
10537,
10420,
10652,
10420,
10538,
10420,
10538,
10420,
10551,
10420,
10564,
10420,
10546,
10420,
10542,
10420,
10549,
10420,
10540,
10420,
10551,
10420,
10541,
10420,
10542,
10420,
10544,
10420,
10554,
10420,
10538,
10420,
10553,
10420,
10547,
10420,
10543,
10420,
10539,
10420,
10544,
10420,
10538,
10420,
10543,
10420,
10553,
10420,
10541,
10420,
10538,
10420,
10538,
10420,
10540,
10420,
10542,
10420,
10541,
10420,
10547,
10420,
10550,
10420,
10547,
10420,
10538,
10420,
10547,
10420,
10540,
10420,
10546,
10420,
10542,
10420,
10542,
10420,
10546,
10420,
10561,
10420,
10539,
10420,
10538,
10420,
10538,
10420,
10538,
10420,
10544,
10420,
10538,
10420,
10538,
10420,
10547,
10420,
10546,
10420,
10540,
10420,
10538,
10420,
10557,
10420,
10541,
10420,
10547,
10420,
10538,
10420,
10552,
10420,
10549,
10420,
10545,
10420,
10548,
10420,
10543,
10420,
10538,
10420,
10550,
10420,
10538,
10420,
10550,
10420,
10552,
10420,
10538,
10420,
10538,
10420,
10538,
10420,
10558,
10420,
10538,
10420,
10550,
10420,
10538,
10420,
10538,
10420,
10538,
10420,
10549,
10420,
10558,
10420,
10545,
10420,
10538,
10420,
10543,
10420,
10542,
10420,
10551,
10420,
10544,
10420,
10538,
10420,
10547,
10420,
10538,
10420,
10538,
10420,
10566,
10420,
10545,
10420,
10538,
10420,
10538,
10420,
10555,
10420,
10538,
10420,
10549,
10420,
10544,
10420,
10538,
10420,
10559,
10420,
10546,
10420,
10538,
10420,
10545,
10420,
10549,
10420,
10562,
10420,
10538,
10420,
10550,
10420,
10538,
10420,
10557,
10420,
10538,
10420,
10548,
10420,
10553,
10420,
10540,
10420,
10539,
10420,
10538,
10420,
10542,
10420,
10538,
10420,
10552,
10420,
10541,
10420,
10550,
10420,
10549,
10420,
10549,
10420,
10538,
10420,
10538,
10420,
10541,
10420,
10541,
10420,
10539,
10420,
10538,
10420,
10550,
10420,
10538,
10420,
10538,
10420,
10543,
10420,
10543,
10420,
10547,
10420,
10544,
10420,
10556,
10420,
10544,
10420,
10538,
10420,
10552,
10420,
10550,
10420,
10548,
10420,
10540,
10420,
10541,
10420,
10549,
10420,
10553,
10420,
10553,
10420,
10546,
10420,
10558,
10420,
10546,
10420,
10553,
10420,
10556,
10420,
10695,
10420,
10481,
10420,
10463,
10420,
10465,
10420,
10472,
10420,
10469,
10420,
10463,
10420,
10472,
10420,
10472,
10420,
10489,
10420,
10473,
10420,
10468,
10420,
10465,
10420,
10464,
10420,
10478,
10420,
10468,
10420,
10463,
10420,
10466,
10420,
10478,
10420,
10464,
10420,
10472,
10420,
10476,
10420,
10475,
10420,
10478,
10420,
10472,
10420,
10465,
10420,
10475,
10420,
10481,
10420,
10473,
10420,
10465,
10420,
10465,
10420,
10474,
10420,
10473,
10420,
10479,
10420,
10479,
10420,
10466,
10420,
10474,
10420,
10473,
10420,
10479,
10420,
10476,
10420,
10463,
10420,
10470,
10420,
10482,
10420,
10463,
10420,
10473,
10420,
10466,
10420,
10472,
10420,
10469,
10420,
10463,
10420,
10473,
10420,
10472,
10420,
10479,
10420,
10476,
10420,
10473,
10420,
10479,
10420,
10478,
10420,
10464,
10420,
10478,
10420,
10475,
10420,
10468,
10420,
10485,
10420,
10464,
10420,
10463,
10420,
10474,
10420,
10464,
10420,
10479,
10420,
10474,
10420,
10463,
10420,
10465,
10420,
10472,
10420,
10482,
10420,
10463,
10420,
10478,
10420,
10465,
10420,
10485,
10420,
10463,
10420,
10470,
10420,
10476,
10420,
10466,
10420,
10491,
10420,
10463,
10420,
10463,
10420,
10463,
10420,
10479,
10420,
10485,
10420,
10463,
10420,
10463,
10420,
10474,
10420,
10463,
10420,
10473,
10420,
10473,
10420,
10474,
10420,
10463,
10420,
10471,
10420,
10463,
10420,
10463,
10420,
10468,
10420,
10466,
10420,
10689,
10420,
10837,
10420,
10463,
10420,
10479,
10420,
10478,
10420,
10480,
10420,
10466,
10420,
10468,
10420,
10475,
10420,
10471,
10420,
10471,
10420,
10473,
10412,
10523,
10412,
10483,
10412,
10468,
10412,
10463,
10412,
10484,
10412,
10463,
10412,
10490,
10412,
10464,
10412,
10463,
10412,
10480,
10412,
10470,
10412,
10470,
10412,
10470,
10412,
10473,
10326,
10557,
10326,
10467,
10326,
10472,
10326,
10466,
10326,
10471,
10326,
10473,
10326,
10463,
10326,
10464,
10326,
10463,
10326,
10478,
10326,
10463,
10326,
10495,
10326,
10467,
10326,
10463,
10326,
10471,
10326,
10463,
10326,
10463,
10326,
10484,
10326,
10463,
10326,
10477,
10326,
10486,
10326,
10463,
10326,
10468,
10326,
10467,
10326,
10472,
10326,
10476,
10326,
10524,
10326,
10463,
10326,
10474,
10326,
10471,
10326,
10463,
10326,
10466,
10326,
10463,
10326,
10464,
10326,
10466,
10326,
10463,
10326,
10464,
10326,
10463,
10326,
10475,
10326,
10463,
10326,
10468,
10326,
10484,
10326,
10471,
10326,
10474,
10326,
10467,
10326,
10463,
10326,
10463,
10326,
10474,
10326,
10466,
10326,
10467,
10326,
10488,
10326,
10471,
10326,
10487,
10326,
10465,
10326,
10493,
10326,
10479,
10326,
10478,
10326,
10470,
10326,
10476,
10326,
10471,
10326,
10479,
10326,
10463,
10326,
10474,
10326,
10473,
10326,
10484,
10326,
10466,
10326,
10481,
10326,
10483,
10326,
10468,
10326,
10477,
10326,
10468,
10326,
10463,
10326,
10503,
10326,
10464,
10326,
10474,
10326,
10473,
10326,
10477,
10326,
10472,
10326,
10463,
10326,
10463,
10326,
10477,
10326,
10481,
10326,
10478,
10326,
10463,
10326,
10471,
10326,
10463,
10274,
10538,
10274,
10465,
10274,
10476,
10274,
10471,
10274,
10478,
10274,
10463,
10274,
10471,
10274,
10478,
10274,
10479,
10274,
10463,
10274,
10477,
10274,
10463,
10274,
10474,
10274,
10465,
10274,
10469,
10274,
10472,
10274,
10476,
10274,
10476,
10274,
10465,
10274,
10463,
10274,
10468,
10274,
10463,
10274,
10477,
10274,
10463,
10274,
10463,
10274,
10484,
10274,
10482,
10274,
10465,
10274,
10473,
10274,
10481,
10274,
10467,
10274,
10463,
10274,
10477,
10274,
10472,
10274,
10463,
10274,
10469,
10274,
10463,
10274,
10468,
10274,
10473,
10274,
10463,
10274,
10468,
10274,
10485,
10274,
10463,
10274,
10471,
10274,
10474,
10274,
10465,
10274,
10496,
10274,
10510,
10274,
10524,
10274,
10485,
10274,
10482,
10274,
10463,
10274,
10463,
10274,
10469,
10274,
10531,
10274,
10482,
10274,
10463,
10274,
10469,
10274,
10484,
10274,
10463,
10274,
10465,
10274,
10463,
10274,
10463,
10274,
10467,
10274,
10463,
10274,
10463,
10274,
10473,
10274,
10476,
10274,
10480,
10274,
10463,
10274,
10462,
10274,
10586,
10274,
10469,
10274,
10473,
10274,
10463,
10274,
10464,
10274,
10463,
10274,
10464,
10274,
10463,
10274,
10463,
10274,
10463,
10274,
10482,
10274,
10484,
10274,
10479,
10274,
10476,
10274,
10480,
10274,
10508,
10274,
10492,
10274,
10464,
10274,
10494,
10274,
10476,
10274,
10463,
10274,
10464,
10274,
10474,
10274,
10463,
10274,
10472,
10274,
10463,
10274,
10467,
10274,
10481,
10274,
10482,
10274,
10491,
10274,
10475,
10274,
10483,
10274,
10466,
10274,
10474,
10274,
10468,
10274,
10475,
10274,
10463,
10274,
10471,
10274,
10463,
10274,
10478,
10274,
10464,
10274,
10465,
10274,
10463,
10274,
10464,
10274,
10463,
10274,
10465,
10274,
10466,
10274,
10466,
10274,
10485,
10274,
10463,
10274,
10495,
10274,
10475,
10274,
10463,
10274,
10478,
10274,
10463,
10274,
10463,
10274,
10480,
10274,
10488,
10274,
10463,
10274,
10464,
10274,
10463,
10274,
10474,
10274,
10470,
10274,
10470,
10274,
10471,
10274,
10468,
10274,
10463,
10274,
10465,
10274,
10470,
10274,
10463,
10274,
10463,
10274,
10464,
10274,
10473,
10274,
10463,
10274,
10463,
10274,
10481,
10274,
10470,
10274,
10478,
10274,
10473,
10274,
10470,
10274,
10473,
10274,
10477,
10274,
10466,
10274,
10471,
10274,
10464,
10274,
10465,
10274,
10464,
10274,
10467,
10274,
10486,
10274,
10464,
10274,
10472,
10274,
10471,
10274,
10463,
10274,
10463,
10274,
10464,
10274,
10468,
10274,
10473,
10274,
10480,
10274,
10477,
10274,
10487,
10274,
10473,
10274,
10463,
10274,
10466,
10274,
10463,
10274,
10463,
10274,
10464,
10274,
10489,
10274,
10474,
10274,
10476,
10274,
10484,
10274,
10467,
10274,
10466,
10274,
10478,
10274,
10471,
10274,
10480,
10274,
10489,
10274,
10481,
10274,
10468,
10274,
10463,
10274,
10480,
10274,
10473,
10274,
10466,
10274,
10467,
10274,
10486,
10274,
10471,
10274,
10471,
10274,
10469,
10274,
10481,
10274,
10478,
10274,
10472,
10274,
10466,
10274,
10463,
10274,
10483,
10274,
10465,
10274,
10462,
10274,
10500,
10274,
10463,
10274,
10465,
10274,
10465,
10274,
10473,
10274,
10484,
10274,
10490,
10274,
10465,
10274,
10467,
10274,
10491,
10274,
10509,
10274,
10468,
10274,
10478,
10274,
10479,
10274,
10468,
10274,
10487,
10274,
10486,
10274,
10463,
10274,
10464,
10274,
10469,
10274,
10475,
10274,
10497,
10274,
10463,
10274,
10492,
10274,
10473,
10274,
10488,
10274,
10463,
10274,
10465,
10274,
10475,
10274,
10465,
10274,
10469,
10274,
10463,
10274,
10472,
10274,
10475,
10274,
10476,
10274,
10463,
10274,
10465,
10274,
10467,
10274,
10466,
10274,
10471,
10274,
10464,
10274,
10468,
10274,
10476,
10274,
10470,
10274,
10493,
10274,
10463,
10274,
10472,
10274,
10481,
10274,
10479,
10274,
10463,
10274,
10473,
10274,
10475,
10274,
10481,
10274,
10463,
10274,
10472,
10274,
10468,
10274,
10475,
10274,
10476,
10274,
10470,
10274,
10470,
10274,
10471,
10274,
10468,
10274,
10476,
10274,
10479,
10274,
10464,
10274,
10465,
10274,
10473,
10274,
10468,
10274,
10464,
10274,
10469,
10274,
10466,
10274,
10475,
10274,
10464,
10274,
10472,
10274,
10465,
10274,
10476,
10274,
10463,
10274,
10474,
10274,
10463,
10274,
10474,
10274,
10474,
10274,
10463,
10274,
10472,
10274,
10479,
10274,
10469,
10274,
10463,
10274,
10469,
10274,
10472,
10274,
10472,
10274,
10478,
10274,
10484,
10274,
10477,
10274,
10482,
10274,
10473,
10274,
10465,
10274,
10463,
10274,
10464,
10274,
10463,
10274,
10463,
10274,
10474,
10274,
10469,
10274,
10473,
10274,
10464,
10274,
10467,
10274,
10468,
10274,
10475,
10274,
10464,
10274,
10463,
10274,
10475,
10274,
10466,
10274,
10475,
10274,
10467,
10274,
10467,
10274,
10463,
10274,
10472,
10274,
10464,
10274,
10463,
10274,
10479,
10274,
10503,
10274,
10463,
10274,
10468,
10274,
10479,
10274,
10467,
10274,
10468,
10274,
10479,
10274,
10463,
10274,
10479,
10274,
10463,
10274,
10475,
10274,
10463,
10274,
10462,
10274,
10494,
10274,
10466,
10274,
10478,
10274,
10473,
10274,
10479,
10274,
10484,
10274,
10469,
10274,
10463,
10274,
10503,
10274,
10463,
10274,
10463,
10274,
10463,
10274,
10465,
10274,
10463,
10274,
10478,
10274,
10470,
10274,
10475,
10274,
10466,
10274,
10475,
10274,
10463,
10274,
10463,
10274,
10463,
10274,
10470,
10274,
10463,
10274,
10463,
10274,
10465,
10274,
10464,
10274,
10466,
10274,
10477,
10274,
10480,
10274,
10466,
10274,
10463,
10274,
10470,
10274,
10470,
10274,
10485,
10274,
10483,
10274,
10463,
10274,
10463,
10274,
10477,
10274,
10463,
10274,
10467,
10274,
10463,
10274,
10467,
10274,
10465,
10274,
10463,
10274,
10472,
10274,
10465,
10274,
10466,
10274,
10464,
10274,
10465,
10274,
10463,
10274,
10476,
10274,
10462,
10274,
10500,
10274,
