averageFitness,bestFitness
30692,25540
29163,24770
28102,24770
27451,24464
26278,22158
25485,21756
24758,21218
24392,20843
23963,20843
23233,20843
22320,20379
21664,20254
21438,19604
20967,19530
20430,19107
19855,18886
19534,18865
19267,18739
19029,18437
18833,18407
18709,18350
18652,18200
18473,18200
18407,18010
18384,18010
18259,17808
18144,17241
18083,17241
18097,17241
18124,16867
17969,16867
17341,16651
17116,16607
16855,16355
16738,16174
16519,15942
16321,15545
16114,15505
15906,15505
15765,15505
15558,15505
15504,15422
15502,15380
15505,15380
15516,15369
15443,15365
15393,15365
15413,15365
15415,15365
15396,15365
15365,15365
15365,15365
15365,15365
15367,15365
15370,15365
15365,15365
15365,15365
15374,15365
15365,15365
15365,15365
15369,15365
15374,15365
15365,15365
15387,15157
15394,15157
15459,15157
15478,15157
15173,15157
15157,15157
15157,15157
15164,15157
15157,15157
15166,15157
15163,15157
15160,15157
15157,15157
15157,15157
15157,15157
15157,15157
15157,15157
15167,15157
15155,14959
15167,14959
15113,14542
15024,14542
14831,14500
14627,14500
14543,14500
14531,14458
14504,14458
14500,14458
14500,14458
14469,14458
14458,14458
14462,14458
14458,14458
14463,14458
14475,14458
14468,14458
14458,14458
14458,14458
14458,14458
14458,14458
14463,14458
14458,14458
14473,14458
14458,14458
14466,14458
14481,14458
14463,14458
14470,14458
14458,14458
14458,14458
14456,14296
14495,14296
14466,14296
14439,14285
14447,14285
14312,14285
14287,14285
14287,14285
14285,14285
14288,14266
14284,14266
14294,14266
14279,14266
14273,14266
14274,14266
14266,14266
14270,14266
14264,14085
14302,14085
14286,14085
14309,14085
14293,14085
14314,14085
14286,14085
14311,14085
14293,14085
14364,14085
14514,14044
14356,14044
14358,14044
14091,14044
14047,14044
14048,14036
14048,14036
14060,14036
14038,14036
14044,14036
14041,14036
14039,14036
14036,14036
14036,14036
14036,14036
14036,14036
14049,14036
14036,14036
14039,14036
14043,14036
14036,14036
14044,14036
14038,14036
14036,14036
14043,14036
14052,14036
14035,13984
14039,13984
14036,13681
13994,13629
13929,13629
13826,13411
13633,13411
13509,13411
13449,13371
13410,13371
13416,13371
13404,13371
13375,13371
13375,13371
13371,13371
13383,13371
13377,13371
13377,13371
13371,13371
13370,13304
13381,13304
13379,13304
13369,13304
13314,13304
13307,13304
13319,13304
13308,13304
13311,13304
13304,13304
13309,13304
13306,13304
13304,13304
13311,13304
13316,13304
13304,13304
13327,13304
13302,13128
13317,13128
13321,13065
13343,13065
13384,13065
13399,13065
13220,13050
13095,13050
13109,13050
13155,13050
13186,13050
13136,13050
13052,12755
13061,12755
13058,12755
13005,12755
12874,12755
12762,12755
12760,12713
12763,12713
12788,12713
12826,12713
12883,12713
12728,12713
12713,12713
12713,12713
12713,12713
12717,12713
12713,12713
12713,12713
12738,12713
12713,12713
12725,12713
12714,12713
12713,12713
12723,12713
12710,12342
12733,12342
12809,12342
12707,12260
12691,12260
12329,12260
12301,12260
12261,12260
12260,12260
12276,12260
12269,12260
12263,12260
12260,12260
12260,12260
12268,12057
12255,12057
12278,12057
12223,12057
12132,11879
12051,11879
12028,11879
11950,11879
11896,11879
11879,11879
11910,11879
11879,11879
11879,11879
11879,11879
11879,11879
11899,11879
11879,11879
11888,11879
11882,11879
11896,11879
11890,11879
11903,11879
11883,11879
11879,11879
11888,11879
11885,11879
11890,11879
11886,11879
11891,11879
11879,11879
11887,11879
11883,11879
11894,11879
11884,11879
11882,11879
11884,11879
11889,11879
11879,11879
11879,11879
11879,11879
11888,11879
11879,11879
11879,11879
11906,11879
11878,11867
11899,11867
11901,11867
11905,11867
11911,11867
11976,11867
11938,11867
11886,11867
11872,11867
11869,11867
11874,11867
11872,11867
11870,11867
11886,11867
11875,11867
11886,11867
11874,11867
11867,11867
11873,11867
11870,11867
11872,11867
11879,11867
11890,11867
11867,11867
11867,11867
11873,11867
11867,11867
11869,11867
11880,11867
11875,11867
11867,11867
11879,11867
11885,11867
11867,11867
11871,11867
11871,11867
11891,11867
11871,11867
11890,11867
11870,11867
11881,11867
11888,11867
11871,11867
11869,11867
11874,11867
11868,11867
11867,11867
11876,11867
11869,11867
11875,11867
11883,11867
11867,11867
11872,11867
11873,11867
11870,11837
11867,11837
11874,11837
11857,11837
11859,11837
11848,11837
11844,11837
11839,11837
11837,11837
11843,11837
11837,11837
11852,11837
11837,11837
11837,11837
11850,11837
11837,11837
11847,11837
11844,11837
11855,11837
11843,11837
11837,11837
11837,11837
11843,11837
11837,11837
11840,11837
11848,11837
11837,11837
11837,11837
11837,11837
11840,11832
11848,11832
11842,11832
11834,11781
11828,11781
11816,11781
11809,11781
11786,11781
11781,11781
11785,11781
11781,11781
11807,11781
11795,11781
11793,11781
11784,11781
11790,11781
11781,11781
11781,11781
11781,11781
11787,11781
11793,11781
11788,11781
11788,11781
11804,11781
11785,11781
11781,11781
11791,11781
11781,11781
11800,11781
11784,11781
11793,11781
11785,11781
11781,11781
11802,11781
11795,11781
11781,11781
11791,11781
11781,11781
11781,11781
11781,11781
11781,11781
11790,11781
11785,11781
11781,11781
11781,11781
11783,11781
11788,11781
11781,11781
11793,11781
11785,11781
11783,11781
11793,11781
11786,11781
11795,11781
11781,11781
11784,11781
11789,11781
11792,11781
11799,11781
11787,11781
11790,11781
11800,11781
11781,11781
11780,11647
11788,11647
11776,11647
11724,11647
11671,11647
11654,11647
11647,11647
11647,11647
11650,11647
11659,11647
11662,11647
11647,11647
11647,11647
11670,11647
11652,11647
11659,11647
11651,11647
11647,11647
11664,11647
11666,11647
11652,11647
11663,11647
11647,11647
11649,11647
11658,11647
11660,11647
11647,11647
11653,11647
11650,11647
11648,11647
11653,11647
11647,11647
11655,11647
11649,11647
11657,11647
11660,11647
11648,11647
11668,11647
11660,11647
11651,11647
11647,11647
11646,11638
11651,11638
11657,11638
11681,11638
11647,11638
11638,11638
11638,11638
11653,11638
11638,11638
11638,11638
11638,11638
11638,11638
11639,11638
11637,11512
11637,11512
11635,11512
11634,11512
11591,11512
11553,11512
11518,11512
11512,11512
11515,11472
11514,11472
11520,11472
11506,11472
11487,11472
11472,11472
11472,11472
11474,11472
11485,11472
11474,11472
11490,11410
11482,11410
11469,11410
11429,11410
11412,11410
11410,11410
11410,11410
11415,11410
11412,11410
11412,11410
11416,11410
11419,11410
11412,11410
11417,11410
11414,11410
11433,11410
11410,11410
11422,11410
11410,11410
11423,11410
11410,11410
11426,11410
11412,11410
11412,11410
11417,11410
11412,11410
11438,11410
11419,11410
11413,11410
11410,11410
11418,11410
11414,11410
11410,11410
11415,11410
11425,11410
11410,11410
11415,11410
11422,11410
11410,11410
11412,11410
11421,11410
11411,11410
11427,11410
11420,11410
11419,11410
11411,11410
11410,11410
11418,11410
11416,11410
11410,11410
11410,11410
11418,11410
11410,11410
11416,11410
11410,11410
11417,11410
11410,11410
11414,11410
11410,11410
11410,11410
11410,11410
11410,11410
11424,11410
11425,11410
11415,11410
11410,11410
11410,11410
11437,11410
11410,11410
11411,11410
11410,11410
11412,11410
11410,11410
11410,11410
11410,11410
11422,11410
11428,11410
11413,11410
11420,11410
11410,11410
11414,11410
11410,11410
11417,11410
11415,11410
11423,11410
11410,11410
11410,11410
11419,11410
11410,11410
11414,11410
11410,11410
11415,11410
11410,11410
11410,11410
11421,11410
11423,11410
11416,11410
11416,11410
11410,11410
11415,11410
11414,11410
11416,11410
11417,11410
11410,11410
11412,11410
11410,11410
11410,11410
11428,11410
11417,11410
11418,11410
11422,11410
11410,11410
11412,11410
11447,11410
11410,11410
11414,11410
11425,11410
11410,11410
11424,11410
11413,11410
11411,11410
11410,11410
11415,11410
11419,11410
11414,11410
11416,11410
11410,11410
11422,11410
11412,11410
11410,11410
11410,11410
11421,11410
11414,11410
11421,11410
11422,11410
11421,11410
11410,11410
11413,11410
11422,11410
11410,11410
11410,11410
11416,11410
11413,11410
11413,11410
11411,11410
11414,11271
11414,11271
11382,11271
11315,11271
11275,11271
11271,11271
11273,11271
11271,11271
11273,11271
11275,11271
11274,11271
11279,11271
11282,11271
11279,11271
11290,11271
11271,11271
11271,11271
11280,11271
11271,11271
11275,11271
11272,11271
11271,11271
11277,11271
11282,11271
11271,11271
11277,11271
11272,11271
11276,11271
11281,11271
11277,11271
11271,11271
11271,11271
11273,11271
11271,11271
11271,11271
11271,11271
11284,11271
11285,11271
11271,11271
11282,11257
11272,11257
11281,11257
11274,11257
11297,11257
11269,11257
11265,11257
11268,11257
11257,11257
11269,11257
11268,11257
11265,11257
11257,11257
11276,11257
11260,11257
11256,11177
11254,11177
11253,11177
11231,11177
11184,11177
11180,11177
11177,11177
11177,11177
11193,11177
11187,11177
11178,11177
11191,11177
11200,11177
11195,11177
11184,11177
11177,11177
11186,11177
11177,11177
11192,11177
11179,11177
11178,11177
11182,11177
11189,11177
11182,11177
11177,11177
11180,11177
11177,11177
11188,11177
11177,11177
11183,11177
11177,11177
11183,11177
11183,11177
11192,11177
11191,11177
11185,11177
11195,11177
11177,11177
11186,11177
11183,11177
11177,11177
11177,11177
11187,11177
11207,11177
11181,11177
11177,11177
11187,11177
11177,11177
11180,11177
11186,11177
11180,11177
11184,11177
11177,11177
11180,11177
11198,11177
11178,11177
11177,11177
11184,11177
11182,11177
11186,11177
11195,11177
11181,11177
11210,11177
11192,11177
11188,11177
11184,11177
11177,11177
11177,11177
11179,11177
11181,11177
11178,11177
11183,11177
11180,11177
11181,11177
11187,11177
11185,11177
11178,11177
11177,11177
11177,11177
11177,11177
11186,11177
11177,11177
11192,11177
11178,11177
11177,11177
11177,11177
11178,11177
11177,11177
11177,11177
11182,11177
11182,11177
11180,11177
11181,11177
11177,11177
11181,11177
11187,11177
11179,11177
11189,11177
11177,11177
11177,11126
11177,11126
11178,11126
11144,11114
11130,11114
11150,11114
11133,11114
11114,11114
11120,11114
11114,11114
11123,11114
11136,11114
11136,11114
11136,11114
11130,11114
11114,11114
11117,11114
11114,11114
11122,11114
11128,11114
11126,11114
11118,11114
11114,11114
11114,11114
11114,11114
11116,11114
11114,11114
11114,11114
11120,11114
11114,11114
11124,11114
11114,11114
11115,11114
11114,11114
11117,11114
11114,11114
11119,11114
11114,11114
11141,11114
11122,11114
11133,11114
11115,11114
11114,11114
11118,11114
11119,11114
11114,11114
11131,11114
11114,11114
11114,11114
11114,11114
11141,11114
11116,11114
11131,11114
11139,11114
11115,11114
11128,11114
11120,11114
11117,11114
11115,11114
11120,11114
11114,11114
11114,11114
11130,11114
11114,11114
11120,11114
11119,11114
11118,11114
11115,11114
11113,11039
11112,11039
11126,11039
11082,11039
11058,11039
11039,11039
11047,11039
11042,11039
11044,11039
11044,11039
11055,11039
11044,11039
11039,11039
11047,11039
11047,11039
11057,11039
11044,11039
11046,11039
11039,11039
11048,11039
11039,11039
11044,10977
11043,10977
11036,10977
11014,10977
10986,10977
10977,10977
10990,10911
10976,10911
11000,10911
11016,10911
11043,10911
11086,10911
10925,10911
10917,10911
10923,10911
10911,10911
10920,10911
10911,10911
10911,10911
10927,10911
10930,10911
10912,10911
10912,10911
10925,10911
10918,10911
10912,10911
10924,10911
10939,10911
10917,10911
10911,10911
10917,10911
10922,10911
10922,10911
10931,10911
10927,10911
10912,10911
10945,10911
10919,10911
10916,10911
10911,10911
10920,10911
10922,10911
10934,10911
10915,10911
10911,10911
10917,10911
10925,10911
10911,10911
10915,10911
10911,10911
10911,10911
10935,10911
10911,10911
10923,10722
10931,10722
10915,10722
10920,10722
10928,10722
10911,10722
10911,10722
10914,10722
10911,10722
10911,10722
10911,10722
10919,10722
10937,10722
10921,10722
10917,10722
10911,10722
10919,10722
10906,10722
10894,10722
10875,10722
10866,10722
10882,10722
10881,10722
10868,10722
10900,10722
10879,10722
10867,10722
10875,10722
10871,10722
10904,10722
10866,10722
10883,10722
10866,10722
10868,10722
10878,10722
10871,10722
10870,10722
10875,10722
10866,10722
10866,10722
10866,10722
10866,10722
10874,10722
10866,10722
10874,10722
10877,10722
10884,10722
