30485,
25730,
29221,
24636,
28081,
24636,
27528,
23394,
26690,
23394,
25685,
22256,
24903,
22256,
24143,
21562,
23870,
21020,
23690,
20081,
22863,
19959,
22280,
18842,
21119,
18842,
20218,
18570,
19551,
18273,
19019,
18129,
18631,
17924,
18361,
17762,
18081,
17709,
17913,
17653,
17812,
17618,
17741,
17487,
17688,
17451,
17627,
16838,
17604,
16838,
17544,
16410,
17621,
16276,
17443,
16276,
16927,
16211,
16375,
16211,
16275,
16211,
16232,
16211,
16215,
16211,
16216,
16211,
16214,
16068,
16215,
16068,
16202,
16068,
16161,
15786,
16050,
15786,
15991,
15786,
15815,
15786,
15800,
15786,
15808,
15786,
15793,
15746,
15786,
15746,
15781,
15746,
15818,
15746,
15778,
15746,
15746,
15746,
15746,
15746,
15746,
15746,
15757,
15746,
15746,
15746,
15746,
15746,
15762,
15746,
15764,
15746,
15765,
15746,
15751,
15746,
15750,
15746,
15755,
15746,
15746,
15746,
15748,
15746,
15752,
15746,
15746,
15746,
15765,
15746,
15749,
15746,
15750,
15553,
15755,
15553,
15822,
15553,
15726,
15550,
15612,
15550,
15559,
15550,
15553,
15550,
15556,
15550,
15558,
15550,
15550,
15550,
15564,
15550,
15551,
15550,
15550,
15550,
15559,
15550,
15562,
15550,
15558,
15550,
15552,
15550,
15584,
15550,
15553,
15550,
15550,
15550,
15555,
15550,
15550,
15550,
15559,
15517,
15642,
15517,
15612,
15517,
15550,
15517,
15550,
15517,
15550,
15517,
15558,
15517,
15550,
15517,
15547,
15240,
15565,
15240,
15551,
15240,
15539,
15240,
15344,
15240,
15240,
15240,
15245,
15240,
15258,
15147,
15239,
15015,
15229,
14666,
15218,
14666,
15112,
14435,
14738,
14435,
14556,
14435,
14457,
14417,
14433,
14417,
14427,
14417,
14440,
14417,
14425,
14417,
14418,
14417,
14427,
14417,
14417,
14417,
14417,
14417,
14424,
14417,
14417,
14417,
14419,
14417,
14433,
14417,
14417,
14417,
14418,
14415,
14449,
14415,
14626,
14415,
14670,
14415,
14845,
14415,
14873,
14228,
14408,
14228,
14375,
13683,
14223,
13683,
14037,
13683,
13771,
13683,
13684,
13683,
13683,
13683,
13686,
13683,
13693,
13683,
13698,
13683,
13689,
13683,
13697,
13683,
13683,
13683,
13688,
13683,
13693,
13182,
13751,
13182,
13660,
12986,
13601,
12986,
13272,
12986,
13000,
12986,
12995,
12986,
12999,
12986,
12989,
12877,
12993,
12877,
12973,
12877,
12909,
12877,
12877,
12865,
12876,
12865,
12878,
12865,
12894,
12662,
12889,
12662,
12861,
12662,
12786,
12662,
12678,
12662,
12666,
12662,
12662,
12662,
12662,
12662,
12665,
12662,
12668,
12662,
12665,
12495,
12661,
12495,
12638,
12495,
12568,
12495,
12509,
12495,
12496,
12495,
12508,
12495,
12503,
12495,
12503,
12495,
12497,
12495,
12506,
12495,
12502,
12400,
12562,
12400,
12636,
12400,
12855,
12400,
12899,
12400,
12718,
12400,
12411,
12400,
12407,
12400,
12431,
12251,
12396,
12251,
12395,
12251,
12341,
12251,
12278,
12251,
12296,
12251,
12267,
12251,
12253,
12251,
12262,
12251,
12255,
12251,
12258,
12170,
12252,
12170,
12268,
12170,
12250,
12170,
12195,
12142,
12169,
12142,
12178,
12142,
12158,
12142,
12145,
12142,
12152,
12142,
12158,
12142,
12146,
12142,
12142,
12142,
12142,
12142,
12147,
12142,
12142,
12142,
12147,
12142,
12142,
12142,
12146,
12142,
12154,
12142,
12143,
12142,
12142,
12142,
12153,
12142,
12142,
12142,
12142,
12142,
12148,
12142,
12156,
12142,
12142,
12142,
12166,
12142,
12142,
12142,
12142,
12142,
12151,
12142,
12153,
12142,
12142,
12142,
12151,
12128,
12141,
12058,
12157,
12058,
12144,
12058,
12163,
12058,
12163,
12044,
12326,
12044,
12195,
12044,
12062,
12044,
12058,
12044,
12048,
12044,
12055,
12044,
12054,
12044,
12044,
12044,
12054,
12044,
12063,
12034,
12044,
12034,
12043,
12034,
12042,
12034,
12050,
12034,
12034,
12034,
12034,
12034,
12037,
12034,
12036,
12034,
12035,
11942,
12053,
11942,
12049,
11922,
12089,
11922,
11947,
11922,
11929,
11922,
11922,
11922,
11958,
11922,
11929,
11922,
11930,
11922,
11935,
11851,
11930,
11851,
11903,
11851,
11869,
11851,
11851,
11851,
11854,
11851,
11851,
11851,
11852,
11713,
11848,
11713,
11832,
11713,
11773,
11713,
11720,
11713,
11713,
11713,
11727,
11713,
11722,
11713,
11722,
11713,
11728,
11713,
11713,
11713,
11724,
11699,
11755,
11699,
11786,
11699,
11802,
11699,
11861,
11694,
11710,
11694,
11723,
11694,
11729,
11694,
11712,
11694,
11694,
11694,
11694,
11694,
11711,
11694,
11695,
11694,
11703,
11694,
11697,
11694,
11694,
11694,
11707,
11694,
11694,
11694,
11694,
11694,
11694,
11694,
11702,
11694,
11700,
11694,
11705,
11694,
11694,
11694,
11703,
11694,
11700,
11694,
11699,
11694,
11717,
11694,
11716,
11694,
11702,
11385,
11700,
11385,
11670,
11385,
11598,
11385,
11426,
11385,
11385,
11385,
11402,
11385,
11391,
11331,
11384,
11331,
11403,
11331,
11398,
11331,
11444,
11331,
11338,
11331,
11331,
11331,
11343,
11331,
11341,
11331,
11332,
11331,
11332,
11331,
11331,
11331,
11331,
11331,
11337,
11331,
11331,
11331,
11360,
11331,
11341,
11331,
11343,
11331,
11343,
11331,
11336,
11321,
11346,
11321,
11342,
11321,
11360,
11321,
11349,
11321,
11329,
11321,
11336,
11321,
11321,
11321,
11322,
11321,
11321,
11321,
11324,
11321,
11322,
11321,
11321,
11321,
11321,
11321,
11321,
11321,
11321,
11321,
11332,
11321,
11325,
11321,
11322,
11321,
11322,
11321,
11321,
11321,
11336,
11321,
11330,
11321,
11322,
11321,
11323,
11321,
11342,
11321,
11321,
11321,
11336,
11321,
11321,
11321,
11332,
11321,
11321,
11321,
11322,
11321,
11322,
11321,
11322,
11321,
11331,
11321,
11334,
11321,
11340,
11321,
11321,
11321,
11327,
11321,
11321,
11321,
11331,
11321,
11326,
11321,
11344,
11321,
11321,
11321,
11331,
11321,
11351,
11321,
11325,
11321,
11324,
11321,
11325,
11321,
11346,
11321,
11322,
11321,
11321,
11321,
11332,
11321,
11321,
11321,
11321,
11321,
11324,
11321,
11348,
11321,
11324,
11321,
11328,
11321,
11321,
11321,
11332,
11321,
11330,
11321,
11330,
11321,
11324,
11321,
11335,
11321,
11343,
11321,
11327,
11321,
11321,
11321,
11336,
11321,
11327,
11321,
11327,
11321,
11324,
11321,
11321,
11321,
11321,
11321,
11339,
11321,
11321,
11321,
11325,
11321,
11331,
11321,
11333,
11321,
11334,
11321,
11330,
11321,
11321,
11321,
11324,
11321,
11331,
11321,
11325,
11321,
11325,
11321,
11327,
11321,
11326,
11321,
11322,
11321,
11321,
11321,
11340,
11321,
11329,
11321,
11321,
11321,
11325,
11321,
11326,
11321,
11327,
11321,
11329,
11321,
11325,
11321,
11321,
11321,
11334,
11321,
11336,
11321,
11321,
11321,
11322,
11321,
11344,
11321,
11333,
11321,
11327,
11321,
11336,
11321,
11321,
11321,
11321,
11321,
11321,
11321,
11328,
11321,
11331,
11321,
11321,
11321,
11326,
11321,
11333,
11321,
11326,
11321,
11321,
11321,
11341,
11321,
11322,
11321,
11322,
11321,
11321,
11321,
11322,
11321,
11347,
11321,
11335,
11321,
11328,
11321,
11329,
11321,
11324,
11321,
11328,
11321,
11321,
11321,
11323,
11321,
11331,
11321,
11323,
11321,
11321,
11321,
11321,
11321,
11341,
11321,
11321,
11321,
11324,
11321,
11344,
11321,
11325,
11321,
11329,
11321,
11321,
11321,
11322,
11321,
11344,
11321,
11323,
11321,
11332,
11321,
11321,
11321,
11324,
11321,
11354,
11321,
11334,
11321,
11321,
11321,
11333,
11321,
11330,
11321,
11321,
11321,
11324,
11321,
11324,
11321,
11321,
11321,
11324,
11321,
11324,
11292,
11338,
11292,
11321,
11151,
11300,
11151,
11285,
11151,
11209,
11046,
11143,
11046,
11091,
10986,
11070,
10986,
11049,
10986,
11013,
10986,
10998,
10986,
10993,
10986,
10986,
10986,
11017,
10986,
11005,
10986,
11006,
10986,
10993,
10986,
11015,
10986,
10986,
10986,
11013,
10986,
10996,
10986,
10992,
10946,
11008,
10946,
11017,
10946,
11028,
10946,
11018,
10946,
10946,
10946,
10971,
10946,
10946,
10946,
10955,
10946,
10960,
10946,
10946,
10946,
10955,
10897,
10946,
10897,
10940,
10897,
10926,
10897,
10908,
10897,
10906,
10897,
10897,
10897,
10914,
10897,
10897,
10897,
10914,
10897,
10909,
10897,
10902,
10897,
10903,
10886,
10896,
10886,
10900,
10886,
10919,
10886,
10893,
10886,
10895,
10886,
10900,
10886,
10897,
10886,
10886,
10886,
10886,
10886,
10888,
10886,
10903,
10805,
10903,
10805,
10903,
10805,
10890,
10805,
10888,
10805,
10886,
10805,
10898,
10805,
10890,
10805,
10886,
10805,
10904,
10805,
10886,
10805,
10901,
10805,
10903,
10805,
10896,
10805,
10886,
10805,
10894,
10805,
10874,
10795,
10859,
10760,
10818,
10760,
10795,
10760,
10769,
10760,
10760,
10760,
10769,
10760,
10765,
10618,
10792,
10618,
10778,
10618,
10762,
10618,
10715,
10618,
10638,
10618,
10618,
10618,
10619,
10618,
10628,
10618,
10618,
10618,
10618,
10618,
10626,
10618,
10623,
10618,
10618,
10618,
10619,
10618,
10620,
10618,
10618,
10618,
10618,
10618,
10639,
10618,
10618,
10618,
10629,
10618,
10621,
10618,
10622,
10462,
10631,
10462,
10693,
10462,
10619,
10462,
10629,
10462,
10620,
10462,
10618,
10462,
10618,
10462,
10619,
10462,
10624,
10462,
10617,
10462,
10624,
10462,
10603,
10462,
10585,
10462,
10588,
10462,
10596,
10462,
10584,
10462,
10665,
10462,
10724,
10462,
10812,
10462,
10947,
10462,
11259,
10462,
10828,
10462,
10598,
10462,
10647,
10462,
10637,
10462,
10671,
10462,
10724,
10462,
10550,
10462,
10550,
10462,
10556,
10462,
10552,
10462,
10551,
10462,
10551,
10271,
10600,
10271,
10603,
10271,
10764,
10271,
10869,
10271,
10626,
10271,
10277,
10271,
10271,
10271,
10277,
10271,
10279,
10271,
10299,
10271,
10297,
10271,
10281,
10271,
10276,
10271,
10278,
10271,
10273,
10271,
10271,
10271,
10280,
10270,
10372,
10270,
10301,
10270,
10426,
10270,
10385,
10270,
10270,
10270,
10270,
10270,
10275,
10270,
10270,
10270,
10287,
10270,
10270,
10270,
10300,
10270,
10287,
10270,
10272,
10270,
10282,
10270,
10277,
10270,
10274,
10270,
10273,
10270,
10278,
10270,
10271,
10270,
10272,
10270,
10270,
10270,
10284,
10270,
10275,
10270,
10272,
10270,
10287,
10270,
10277,
10270,
10281,
10270,
10270,
10270,
10270,
10270,
10271,
10270,
10271,
10270,
10273,
10270,
10273,
10270,
10273,
10270,
10271,
10270,
10272,
10270,
10270,
10270,
10276,
10270,
10270,
10270,
10273,
10270,
10279,
10270,
10288,
10270,
10286,
10270,
10286,
10270,
10276,
10270,
10270,
10270,
10275,
10270,
10273,
10270,
10274,
10270,
10274,
10270,
10270,
10270,
10292,
10270,
10283,
10270,
10274,
10270,
10277,
10270,
10270,
10270,
10275,
10270,
10274,
10270,
10281,
10270,
10283,
10270,
10270,
10270,
10272,
10270,
10276,
10270,
10270,
10270,
10270,
10270,
10287,
10270,
10281,
10270,
10270,
10270,
10282,
10270,
10270,
10270,
10281,
10270,
10279,
10270,
10270,
10270,
10275,
10270,
10294,
10270,
10274,
10270,
10277,
10270,
10290,
10270,
10270,
10270,
10289,
10270,
10273,
10270,
10270,
10270,
10270,
10270,
10270,
10270,
10285,
10270,
10288,
10270,
10281,
10270,
10281,
10270,
10270,
10270,
10293,
10270,
10284,
10270,
10272,
10242,
10360,
10242,
10461,
10242,
10406,
10242,
10306,
10242,
10260,
10242,
10280,
10242,
10249,
10242,
10244,
10242,
10242,
10242,
10261,
10242,
10242,
10242,
10246,
10242,
10243,
10242,
10242,
10242,
10246,
10242,
10242,
10242,
10252,
10242,
10251,
10242,
10249,
10242,
10242,
10242,
10254,
10242,
10287,
10242,
10261,
10242,
10262,
10242,
10252,
10242,
10260,
10242,
10247,
10242,
10245,
10242,
10258,
10242,
10254,
10242,
10245,
10242,
10242,
10242,
10252,
10242,
10258,
10242,
10251,
10242,
10261,
10242,
10257,
10242,
10251,
10242,
10242,
10242,
10250,
10242,
10242,
10242,
10251,
10242,
10255,
10242,
10246,
10242,
10242,
10242,
10244,
10242,
10266,
10242,
10245,
10242,
10248,
10242,
10242,
10242,
10247,
10242,
10250,
10242,
10257,
10242,
10253,
10242,
10250,
10242,
10244,
10242,
10257,
10242,
10242,
10242,
10242,
10242,
10246,
10242,
10242,
10242,
10245,
10242,
10242,
10242,
10250,
10242,
10273,
10242,
10248,
10242,
10259,
10242,
10254,
10242,
10254,
10242,
10257,
10242,
10254,
10242,
10247,
10242,
10242,
10242,
10244,
10242,
10245,
10242,
10247,
10242,
10246,
10242,
10247,
10242,
10245,
10242,
10245,
10242,
10251,
10242,
10253,
10242,
10250,
10242,
10249,
10242,
10264,
10242,
10249,
10242,
10242,
10242,
10263,
10242,
10244,
10242,
10242,
10242,
10242,
10242,
10271,
10242,
10242,
10242,
10257,
10242,
10244,
10242,
10255,
10242,
10249,
10242,
10259,
10242,
10250,
10242,
10256,
10242,
10242,
10242,
10246,
10242,
10252,
10242,
10260,
10242,
10242,
10242,
10245,
10242,
10242,
10242,
10260,
10242,
10271,
10242,
10256,
10242,
10252,
10242,
10261,
10242,
10250,
10242,
10249,
10242,
10244,
10242,
10242,
10242,
10242,
10242,
10242,
10242,
10246,
10242,
10249,
10242,
10248,
10242,
10248,
10242,
10257,
10242,
10264,
10242,
10254,
10242,
10258,
10242,
10246,
10242,
10243,
10242,
10275,
10242,
10264,
10242,
10242,
10242,
10257,
10242,
10260,
10242,
10250,
10242,
10245,
10242,
10242,
10242,
10249,
10242,
10245,
10242,
10242,
10242,
10260,
10242,
10242,
10242,
10248,
10242,
10250,
10242,
10247,
10242,
10242,
10242,
10245,
10242,
10248,
10242,
10247,
10242,
10267,
10242,
10248,
10242,
10243,
10242,
10242,
10242,
10242,
10242,
10242,
10242,
10249,
10242,
10242,
10242,
10270,
10242,
10245,
10242,
10245,
10242,
10253,
10242,
10246,
10242,
10244,
10242,
10243,
10242,
10243,
10242,
10242,
10242,
10245,
10242,
10246,
10242,
10266,
10242,
10242,
10242,
10242,
10242,
10258,
10242,
10242,
10242,
10245,
10242,
10242,
10242,
10242,
10242,
10260,
10242,
10251,
10242,
10257,
10242,
10242,
10242,
10242,
10242,
10244,
10242,
10252,
10242,
10251,
10242,
10242,
10242,
10252,
10242,
10259,
10242,
10261,
10242,
10256,
10242,
10246,
10242,
10253,
10242,
10260,
10242,
10242,
10242,
10249,
10242,
10242,
10242,
10249,
10242,
10256,
10242,
10250,
10242,
10244,
10242,
10261,
10242,
10242,
10242,
10243,
10242,
10252,
10242,
10242,
10242,
10264,
10242,
10266,
10242,
10248,
10242,
10249,
10242,
10242,
10242,
10242,
10242,
10248,
10242,
10254,
10242,
10246,
10242,
10242,
10242,
10249,
10242,
10242,
10242,
10242,
10242,
10262,
10242,
10245,
10242,
10253,
10242,
10269,
10242,
10243,
10242,
10253,
10242,
10247,
10242,
10244,
10242,
10263,
10242,
10252,
10242,
10248,
10242,
10244,
10242,
10259,
10242,
10262,
10242,
10242,
10242,
10250,
10242,
10256,
10242,
10260,
10242,
10247,
10242,
10246,
10242,
10242,
10242,
10249,
10242,
10269,
10242,
10250,
10242,
10256,
10242,
10250,
10242,
10248,
10242,
10246,
10242,
10253,
10242,
10247,
10242,
10242,
10242,
10246,
10242,
10249,
10242,
10275,
10242,
10243,
10242,
10242,
10242,
10266,
10242,
10248,
10242,
10259,
10242,
10243,
10242,
10245,
10242,
10248,
10231,
10241,
10231,
10253,
10211,
10238,
10211,
