30715,
25749,
29315,
25749,
28249,
25148,
27743,
24581,
27233,
24303,
26797,
23226,
26540,
23226,
26309,
23226,
25994,
21062,
25458,
21062,
25381,
21062,
25138,
21062,
24756,
21056,
24622,
20712,
23933,
19426,
23150,
19426,
22251,
19426,
21472,
19426,
20753,
19426,
20476,
19426,
20210,
19008,
19965,
19008,
19611,
18189,
19341,
18145,
19029,
17770,
18734,
17725,
18321,
17542,
18024,
17215,
17872,
16947,
17548,
16921,
17401,
16739,
17159,
16594,
17016,
16156,
16854,
16156,
16673,
15941,
16364,
15770,
16122,
15770,
15922,
15764,
15798,
15764,
15769,
15725,
15777,
15725,
15780,
15725,
15747,
15725,
15728,
15725,
15729,
15725,
15725,
15725,
15742,
15678,
15754,
15678,
15732,
15489,
15737,
15375,
15674,
15186,
15685,
15034,
15525,
15034,
15366,
15034,
15183,
14897,
15103,
14897,
15180,
14897,
15128,
14881,
15122,
14881,
15193,
14872,
15231,
14856,
15249,
14856,
14961,
14856,
14879,
14856,
14866,
14856,
14856,
14856,
14859,
14856,
14863,
14856,
14856,
14856,
14866,
14856,
14856,
14856,
14856,
14856,
14864,
14856,
14857,
14716,
14850,
14716,
14841,
14716,
14871,
14716,
14729,
14716,
14725,
14716,
14724,
14716,
14722,
14716,
14716,
14710,
14738,
14613,
15008,
14613,
14844,
14542,
14902,
14500,
14850,
14500,
14777,
14500,
14663,
14500,
14502,
14167,
14574,
14167,
14525,
14167,
14608,
13771,
14422,
13771,
14378,
13771,
14381,
13771,
14167,
13771,
14151,
13543,
14278,
13543,
14139,
13409,
13733,
13409,
13484,
13409,
13415,
13409,
13428,
13409,
13424,
13409,
13420,
13409,
13415,
13322,
13411,
13322,
13407,
13322,
13361,
13322,
13325,
13322,
13322,
13322,
13329,
13322,
13322,
13322,
13331,
13322,
13322,
13322,
13341,
13322,
13322,
13322,
13327,
13322,
13322,
13322,
13328,
13322,
13331,
13322,
13337,
13322,
13321,
13309,
13326,
13309,
13322,
12562,
13298,
12548,
13172,
12548,
12858,
12548,
12551,
12453,
12548,
12453,
12545,
12453,
12545,
12412,
12518,
12396,
12465,
12329,
12429,
12329,
12403,
12329,
12374,
12329,
12327,
11914,
12325,
11914,
12315,
11914,
12157,
11914,
11929,
11914,
11914,
11824,
11922,
11824,
11910,
11824,
11861,
11824,
11827,
11824,
11824,
11824,
11830,
11824,
11830,
11824,
11835,
11824,
11831,
11824,
11833,
11824,
11824,
11824,
11823,
11679,
11833,
11679,
11821,
11679,
11825,
11679,
11784,
11678,
11693,
11678,
11701,
11678,
11678,
11678,
11678,
11678,
11681,
11678,
11680,
11678,
11680,
11678,
11687,
11556,
11673,
11556,
11679,
11556,
11617,
11425,
11543,
11425,
11510,
11425,
11462,
11425,
11427,
11425,
11427,
11425,
11427,
11425,
11425,
11425,
11425,
11425,
11449,
11425,
11425,
11425,
11459,
11420,
11439,
11420,
11435,
11420,
11466,
11420,
11431,
11420,
11434,
11420,
11424,
11420,
11427,
11420,
11431,
11420,
11431,
11420,
11443,
11360,
11429,
11360,
11440,
11360,
11415,
11305,
11373,
11205,
11332,
11205,
11302,
11205,
11247,
11205,
11221,
11205,
11208,
11205,
11205,
11205,
11208,
11205,
11213,
11205,
11216,
11205,
11210,
11205,
11205,
11205,
11206,
11205,
11206,
11205,
11205,
11205,
11205,
11205,
11205,
11205,
11221,
11205,
11205,
11205,
11208,
11205,
11210,
11205,
11211,
11205,
11216,
11205,
11205,
11205,
11234,
11205,
11209,
11205,
11207,
11205,
11211,
11205,
11205,
11205,
11234,
11205,
11213,
11205,
11205,
11205,
11228,
11205,
11219,
11205,
11213,
11205,
11224,
11205,
11217,
11205,
11205,
11205,
11205,
11205,
11215,
11205,
11215,
11205,
11224,
11205,
11211,
11205,
11209,
11205,
11216,
11205,
11208,
11205,
11215,
11205,
11205,
11205,
11205,
11205,
11239,
11205,
11211,
11205,
11204,
11083,
11204,
11083,
11201,
11083,
11167,
10928,
11101,
10928,
11054,
10928,
10981,
10928,
10938,
10928,
10928,
10928,
10938,
10928,
10937,
10928,
10931,
10928,
10940,
10928,
10928,
10928,
10934,
10928,
10931,
10928,
10943,
10928,
10933,
10928,
10932,
10928,
10936,
10928,
10932,
10928,
10938,
10928,
10928,
10928,
10928,
10928,
10931,
10928,
10952,
10928,
10928,
10928,
10931,
10928,
10935,
10928,
10940,
10928,
10928,
10928,
10934,
10928,
10945,
10928,
10940,
10928,
10939,
10928,
10929,
10928,
10939,
10928,
10937,
10928,
10950,
10928,
10942,
10928,
10936,
10928,
10934,
10928,
10928,
10928,
10960,
10928,
10930,
10928,
10944,
10928,
10928,
10928,
10934,
10928,
10928,
10928,
10928,
10928,
10952,
10928,
10928,
10928,
10928,
10928,
10946,
10928,
10939,
10928,
10928,
10928,
10934,
10928,
10936,
10928,
10928,
10928,
10928,
10928,
10944,
10928,
10928,
10928,
10935,
10928,
10938,
10928,
10944,
10928,
10937,
10928,
10928,
10928,
10957,
10928,
10933,
10928,
10928,
10928,
10940,
10928,
10940,
10928,
10928,
10928,
10939,
10712,
10937,
10712,
10930,
10712,
10886,
10712,
10755,
10712,
10724,
10712,
10725,
10712,
10736,
10712,
10712,
10712,
10733,
10712,
10711,
10654,
10722,
10654,
10719,
10654,
10689,
10654,
10669,
10654,
10661,
10654,
10654,
10654,
10656,
10654,
10663,
10654,
10663,
10654,
10654,
10654,
10654,
10654,
10654,
10654,
10670,
10654,
10654,
10654,
10654,
10654,
10665,
10654,
10656,
10654,
10673,
10654,
10654,
10654,
10654,
10654,
10655,
10654,
10665,
10654,
10662,
10654,
10675,
10654,
10658,
10654,
10680,
10654,
10662,
10654,
10656,
10654,
10674,
10654,
10666,
10654,
10654,
10654,
10654,
10654,
10654,
10654,
10655,
10654,
10666,
10654,
10661,
10654,
10658,
10654,
10656,
10654,
10654,
10654,
10665,
10654,
10660,
10654,
10664,
10654,
10654,
10654,
10654,
10654,
10670,
10654,
10663,
10654,
10667,
10654,
10655,
10654,
10674,
10607,
10672,
10607,
10670,
10607,
10663,
10607,
10629,
10607,
10621,
10607,
10610,
10607,
10611,
10607,
10619,
10607,
10607,
10607,
10607,
10607,
10607,
10607,
10607,
10607,
10611,
10607,
10610,
10607,
10608,
10607,
10624,
10607,
10612,
10607,
10610,
10607,
10626,
10607,
10607,
10607,
10607,
10607,
10607,
10607,
10607,
10607,
10608,
10607,
10616,
10607,
10607,
10607,
10613,
10607,
10627,
10607,
10607,
10607,
10625,
10607,
10622,
10607,
10611,
10607,
10607,
10607,
10620,
10607,
10628,
10607,
10607,
10607,
10612,
10607,
10617,
10607,
10608,
10607,
10635,
10607,
10607,
10607,
10620,
10607,
10607,
10607,
10607,
10607,
10615,
10607,
10611,
10607,
10607,
10607,
10618,
10607,
10615,
10607,
10608,
10607,
10626,
10607,
10614,
10607,
10615,
10230,
10601,
10230,
10566,
10178,
10430,
10178,
10249,
10178,
10206,
10178,
10181,
10178,
10184,
10178,
10185,
10178,
10200,
10178,
10179,
10178,
10182,
10178,
10177,
10176,
10177,
10176,
10178,
10176,
10177,
10119,
10193,
10119,
10182,
10119,
10184,
10119,
10130,
10119,
10129,
10119,
10124,
10119,
10131,
10119,
10125,
10119,
10127,
10119,
10131,
10119,
10123,
10119,
10127,
10119,
10119,
10119,
10121,
10119,
10135,
10119,
10119,
10119,
10138,
10119,
10122,
10119,
10119,
10119,
10119,
10119,
10119,
10119,
10120,
10119,
10119,
10119,
10134,
10119,
10129,
10119,
10131,
10119,
10125,
10119,
10119,
10119,
10119,
10119,
10118,
10032,
10130,
10032,
10125,
10032,
10106,
10032,
10032,
10032,
10032,
10032,
10032,
10032,
10033,
10032,
10041,
10032,
10040,
10032,
10042,
10032,
10051,
10032,
10032,
10032,
10032,
10032,
10057,
10032,
10045,
10032,
10037,
10032,
10043,
10032,
10037,
10032,
10039,
10032,
10036,
10032,
10044,
10032,
10032,
10032,
10055,
10032,
10036,
10032,
10033,
10032,
10052,
10032,
10032,
10032,
10041,
10032,
10038,
10032,
10032,
10032,
10032,
10032,
10032,
10032,
10050,
10032,
10043,
10032,
10037,
10032,
10040,
10032,
10037,
10032,
10032,
10032,
10046,
10032,
10052,
10032,
10042,
10032,
10032,
10032,
10034,
10032,
10032,
10032,
10051,
10032,
10055,
10032,
10037,
10032,
10032,
10032,
10067,
10032,
10041,
10032,
10035,
10032,
10047,
10032,
10051,
10032,
10035,
10032,
10032,
10032,
10032,
10032,
10038,
10032,
10036,
10032,
10036,
10032,
10036,
10032,
10044,
10032,
10036,
10032,
10048,
10032,
10044,
10032,
10032,
10032,
10042,
10032,
10041,
10032,
10032,
10032,
10041,
10032,
10035,
10032,
10032,
10032,
10044,
10032,
10032,
10032,
10040,
10032,
10032,
10032,
10033,
10032,
10038,
10032,
10032,
10032,
10059,
10032,
10034,
10032,
10058,
10032,
10039,
10032,
10032,
10032,
10032,
10032,
10032,
10032,
10047,
10032,
10044,
10032,
10032,
10032,
10037,
10032,
10039,
10032,
10054,
10032,
10047,
10032,
10034,
10032,
10055,
10032,
10044,
10032,
10041,
10032,
10032,
10032,
10043,
10032,
10037,
10032,
10032,
10032,
10041,
10032,
10034,
10032,
10041,
10032,
10034,
10006,
10176,
10006,
10035,
10006,
10035,
10006,
10032,
10006,
10035,
10006,
10038,
10006,
10040,
10006,
10032,
10006,
10032,
10006,
10037,
10006,
10052,
10006,
10034,
10006,
10037,
10006,
10057,
10006,
10032,
10006,
10064,
10006,
10043,
10006,
10045,
10006,
10035,
10006,
10040,
10006,
10032,
10006,
10035,
10006,
10045,
9969,
10029,
9969,
10042,
9969,
10015,
9969,
9978,
9969,
9977,
9969,
9973,
9969,
9994,
9969,
9970,
9969,
9983,
9969,
9979,
9969,
9988,
9969,
9990,
9699,
9974,
9699,
9961,
9699,
9838,
9699,
9708,
9699,
9712,
9699,
9699,
9699,
9701,
9699,
9699,
9699,
9700,
9699,
9699,
9699,
9730,
9699,
9702,
9699,
9712,
9699,
9701,
9699,
9702,
9699,
9700,
9699,
9719,
9699,
9712,
9699,
9698,
9697,
9705,
9697,
9700,
9697,
9699,
9697,
9703,
9697,
9715,
9697,
9727,
9697,
9697,
9697,
9703,
9697,
9706,
9697,
9710,
9697,
9697,
9697,
9697,
9697,
9702,
9697,
9700,
9697,
9700,
9697,
9701,
9697,
9714,
9697,
9697,
9697,
9717,
9697,
9697,
9697,
9700,
9697,
9708,
9697,
9701,
9697,
9697,
9697,
9705,
9697,
9724,
9697,
9706,
9697,
9700,
9697,
9702,
9697,
9723,
9697,
9702,
9697,
9703,
9697,
9704,
9637,
9697,
9637,
9689,
9637,
9755,
9637,
9663,
9637,
9642,
9637,
9648,
9637,
9644,
9637,
9642,
9637,
9652,
9637,
9637,
9637,
9644,
9637,
9643,
9637,
9637,
9637,
9637,
9637,
9637,
9637,
9643,
9637,
9646,
9637,
9641,
9637,
9639,
9637,
9662,
9637,
9637,
9637,
9638,
9637,
9655,
9637,
9645,
9637,
9640,
9637,
9646,
9637,
9637,
9637,
9637,
9637,
9637,
9637,
9649,
9637,
9641,
9637,
9657,
9637,
9641,
9637,
9649,
9637,
9647,
9637,
9637,
9637,
9662,
9637,
9641,
9637,
9645,
9637,
9637,
9637,
9647,
9637,
9640,
9637,
9637,
9637,
9644,
9637,
9643,
9637,
9648,
9637,
9640,
9637,
9646,
9606,
9636,
9606,
9639,
9606,
9624,
9606,
9623,
9606,
9611,
9606,
9624,
9606,
9619,
9606,
9621,
9606,
9606,
9606,
9621,
9606,
9615,
9606,
9628,
9606,
9610,
9606,
9614,
9606,
9633,
9606,
9610,
9606,
9609,
9606,
9606,
9606,
9619,
9606,
9612,
9606,
9646,
9606,
9610,
9606,
9622,
9606,
9617,
9606,
9609,
9606,
9611,
9606,
9617,
9606,
9608,
9606,
9608,
9606,
9606,
9606,
9606,
9606,
9617,
9606,
9609,
9606,
9606,
9606,
9606,
9606,
9606,
9606,
9611,
9606,
9610,
9606,
9606,
9606,
9606,
9606,
9609,
9606,
9617,
9606,
9620,
9606,
9621,
9606,
9615,
9606,
9615,
9606,
9621,
9606,
9621,
9606,
9636,
9606,
9606,
9606,
9621,
9606,
9628,
9606,
9608,
9606,
9624,
9606,
9628,
9606,
9621,
9606,
9620,
9606,
9610,
9606,
9610,
9606,
9607,
9606,
9606,
9606,
9613,
9606,
9606,
9606,
9606,
9606,
9610,
9606,
9606,
9606,
9606,
9606,
9620,
9606,
9618,
9606,
9614,
9606,
9618,
9524,
9612,
9524,
9595,
9524,
9568,
9524,
9525,
9524,
9526,
9524,
9526,
9524,
9538,
9524,
9524,
9524,
9531,
9524,
9537,
9524,
9524,
9524,
9524,
9524,
9524,
9524,
9527,
9524,
9524,
9524,
9541,
9524,
9539,
9524,
9527,
9524,
9524,
9524,
9528,
9524,
9524,
9524,
9524,
9524,
9546,
9524,
9524,
9524,
9532,
9524,
9538,
9524,
9531,
9524,
9524,
9524,
9526,
9524,
9524,
9524,
9540,
9524,
9536,
9524,
9526,
9524,
9536,
9524,
9534,
9524,
9555,
9524,
9528,
9521,
9544,
9521,
9540,
9521,
9524,
9521,
9521,
9521,
9521,
9521,
9528,
9521,
9529,
9521,
9532,
9521,
9522,
9521,
9521,
9521,
9534,
9521,
9521,
9521,
9521,
9521,
9540,
9521,
9535,
9521,
9525,
9521,
9539,
9521,
9530,
9521,
9525,
9521,
9538,
9521,
9521,
9521,
9539,
9521,
9532,
9521,
9521,
9521,
9524,
9521,
9521,
9521,
9521,
9521,
9525,
9521,
9521,
9521,
9521,
9521,
9525,
9521,
9531,
9521,
9522,
9521,
9523,
9521,
9521,
9521,
9521,
9521,
9521,
9521,
9526,
9521,
9541,
9521,
9550,
9521,
9549,
9521,
9534,
9441,
9521,
9441,
9512,
9441,
9476,
9441,
9441,
9441,
9451,
9441,
9470,
9441,
9449,
9441,
9448,
9441,
9446,
9441,
9461,
9441,
9445,
9352,
9459,
9352,
9427,
9352,
9400,
9352,
9363,
9352,
9352,
9352,
9353,
9352,
9353,
9352,
9371,
9352,
9353,
9352,
9379,
9352,
9354,
9352,
9361,
9352,
9365,
9352,
9368,
9352,
9355,
9352,
9352,
9352,
9383,
9352,
9370,
9352,
9359,
9352,
9364,
9352,
9365,
9352,
9352,
9352,
9352,
9352,
9368,
9352,
9352,
9352,
9364,
9352,
9365,
9352,
9363,
9352,
9372,
9352,
9357,
9352,
9356,
9352,
9352,
9352,
9352,
9352,
9355,
9352,
9353,
9352,
9365,
9352,
9363,
9352,
9352,
9352,
9362,
9352,
9352,
9352,
9368,
9352,
9352,
9352,
9361,
9352,
9356,
9352,
9352,
9352,
9359,
9352,
9354,
9352,
9354,
9352,
9366,
9352,
9352,
9352,
9360,
9352,
9370,
9352,
9354,
9352,
9357,
9352,
9352,
9352,
9365,
9352,
9365,
9352,
9357,
9352,
9352,
9352,
9352,
9352,
9371,
9352,
9358,
9352,
9365,
9352,
9365,
9352,
9382,
9352,
9368,
9352,
9361,
9352,
9352,
9352,
9367,
9352,
9362,
9352,
9358,
9352,
9357,
9352,
9354,
9352,
9352,
9352,
9352,
9352,
9352,
9352,
9359,
9352,
9352,
9352,
9389,
9352,
9358,
9352,
9354,
9352,
9366,
9352,
9366,
9352,
9360,
9352,
9352,
9352,
9352,
9352,
9353,
9352,
9371,
9352,
9352,
9352,
9369,
9352,
9361,
9352,
9357,
9352,
9352,
9352,
9374,
9352,
9352,
9352,
9352,
9352,
9367,
9352,
9370,
9352,
9380,
9352,
9356,
9352,
9364,
9352,
9362,
9352,
9356,
9352,
9352,
9352,
9380,
9352,
9359,
9352,
9366,
9352,
9363,
9352,
9357,
9352,
9373,
9352,
9359,
9352,
9352,
9352,
9372,
9352,
9367,
9352,
9363,
9352,
9354,
9352,
9365,
9352,
9365,
9352,
9358,
9352,
9352,
9352,
9370,
9352,
9357,
9352,
9363,
9352,
9360,
9352,
