averageFitness,bestFitness
30473,25452
28777,24421
27548,23335
26606,23335
26058,22991
25656,22716
25067,21964
24454,21964
24032,21889
23947,21846
23764,21456
23527,20089
22990,20089
22285,19938
21818,19594
20986,18837
20342,18787
19977,18187
19393,17718
18827,17561
18473,17312
18066,16492
17646,16492
17342,16257
16953,16216
16734,16156
16591,16121
16462,15825
16548,15559
16218,15332
16061,15332
15954,15284
15999,14887
15608,14887
15518,14764
15481,14764
15078,14763
14858,14652
14896,14435
14971,14378
14880,14378
14831,14344
14661,13965
14555,13948
14752,13948
14542,13912
14370,13894
13989,13723
14009,13723
14064,13658
14142,13658
14126,13658
13894,13472
13750,13427
13730,13427
13775,13427
13905,13427
13807,13427
13632,13184
13536,13184
13535,13184
13562,13184
13404,12963
13271,12963
13331,12953
13172,12872
13113,12872
13105,12813
13119,12635
12996,12635
12894,12600
12825,12450
12748,12414
12617,12410
12532,12156
12468,12152
12474,12152
12402,12141
12248,12108
12190,11710
12147,11623
12082,11623
11912,11623
11800,11576
11725,11576
11683,11527
11638,11516
11648,11516
11623,11464
11550,11464
11566,11464
11540,11464
11518,11359
11551,11359
11557,11359
11529,11359
11532,11359
11528,11359
11615,11350
11486,11330
11699,11321
11674,11286
11482,11286
11502,11286
11361,11212
11373,11158
11369,11158
11464,11071
11462,11057
11565,11057
11560,11057
11471,10998
11455,10998
11364,10998
11314,10998
11444,10998
11503,10998
11462,10998
11077,10998
11034,10998
11065,10998
11091,10998
11028,10998
11097,10998
11106,10872
11100,10872
11086,10872
11031,10798
10933,10678
10894,10603
10862,10603
10793,10603
10653,10200
10631,10200
10706,10200
10647,10200
10701,10200
10482,10200
10330,10200
10242,10200
10263,10200
10273,10200
10294,10200
10283,10200
10239,10200
10252,10169
10259,10169
10333,10169
10203,10169
10218,10169
10232,10169
10232,10040
10255,10040
10277,10040
10204,10040
10140,10034
10107,10034
10106,10034
10161,10034
10147,10034
10089,9971
10072,9971
10075,9971
10088,9971
10043,9949
10037,9765
10085,9765
10034,9765
10146,9765
10135,9765
9929,9765
9828,9765
9812,9765
9815,9765
9852,9765
9848,9765
9846,9765
9812,9765
9852,9765
9861,9765
9861,9765
9838,9765
9874,9765
9815,9765
9808,9765
9851,9761
9829,9755
9856,9755
9851,9751
9845,9749
9813,9690
9822,9690
9806,9679
9817,9679
9759,9678
9720,9678
9713,9678
9715,9678
9749,9678
9770,9678
9735,9678
9753,9678
9756,9678
9775,9678
9788,9678
9740,9610
9754,9610
9715,9610
9738,9591
9694,9523
9689,9523
9670,9523
9593,9523
9587,9523
9618,9523
9618,9523
9619,9523
9611,9523
9594,9523
9605,9523
9615,9523
9617,9523
9587,9523
9571,9523
9602,9523
9593,9523
9573,9523
9614,9523
9607,9523
9610,9523
9600,9523
9583,9523
9562,9523
9576,9523
9597,9523
9588,9523
9582,9523
9579,9523
9613,9523
9590,9523
9597,9523
9579,9523
9582,9523
9572,9523
9568,9523
9548,9523
9581,9523
9554,9523
9604,9522
9612,9522
9584,9522
9587,9522
9609,9522
9622,9522
9536,9522
9586,9522
9608,9522
9618,9522
9608,9522
9576,9522
9631,9522
9563,9522
9583,9522
9598,9522
9620,9522
9608,9522
9566,9522
9626,9522
9546,9522
9591,9522
9582,9522
9564,9522
9601,9469
9561,9469
9553,9469
9595,9469
9565,9469
9570,9469
9530,9469
9504,9424
9515,9424
9491,9424
9494,9424
9507,9424
9522,9424
9492,9424
9469,9424
9487,9424
9515,9424
9514,9424
9510,9424
9501,9424
9496,9424
9532,9424
9482,9424
9497,9424
9486,9424
9513,9424
9523,9424
9478,9424
9449,9424
9464,9424
9492,9424
9479,9424
9494,9424
9496,9424
9509,9424
9493,9424
9525,9270
9513,9270
9470,9270
9414,9270
9420,9270
9385,9270
9336,9270
9362,9270
9350,9270
9334,9270
9323,9141
9327,9141
9311,9141
9265,9141
9199,9141
9227,9141
9177,9141
9185,9141
9242,9141
9203,9141
9191,9134
9197,9134
9230,9134
9245,9134
9205,9134
9201,9134
9196,9134
9210,9134
9168,9134
9199,9134
9210,9134
9208,9134
9233,9134
9238,9134
9224,9088
9164,9088
9225,9088
9190,9088
9187,9088
9115,9088
9163,9088
9147,9088
9155,9088
9174,9088
9126,9088
9161,9088
9140,9088
9122,9086
9154,9086
9169,9086
9173,9086
9158,9086
9168,9086
9151,9086
9192,9086
9187,9086
9156,9086
9187,9086
9151,9086
9228,9086
9159,9086
9159,9086
9236,9086
9187,9086
9142,9086
9169,9086
9161,9086
9170,9086
9202,8905
9121,8905
9134,8905
9118,8905
9033,8905
9002,8905
8952,8905
8976,8905
8968,8905
8992,8905
8947,8905
8979,8905
8952,8905
8992,8905
8970,8905
9008,8905
9002,8905
9019,8905
8963,8905
8990,8905
9013,8905
8963,8905
8987,8905
8973,8905
8951,8905
8984,8905
8981,8905
8978,8905
8958,8905
9022,8905
8997,8905
8987,8905
8924,8905
9028,8905
8980,8905
8997,8905
8954,8905
9056,8905
8989,8905
8967,8905
8992,8905
8961,8905
8973,8905
9009,8905
8971,8905
9005,8905
8992,8905
9003,8905
8961,8905
8993,8905
8980,8905
8967,8905
8989,8905
9034,8905
8980,8905
8973,8905
8985,8905
8970,8905
8973,8905
9001,8905
8995,8905
8985,8905
9005,8905
8985,8905
9003,8905
8971,8905
8997,8905
8944,8905
8949,8905
8959,8905
9005,8905
8970,8769
8971,8769
8962,8769
8988,8769
8977,8769
9001,8769
8950,8769
8981,8769
8955,8769
8957,8769
8996,8769
8945,8769
8970,8769
8929,8769
8973,8769
9035,8769
8985,8769
9006,8769
9010,8769
8962,8769
8945,8769
8994,8769
8972,8769
8966,8769
8976,8769
8959,8769
8984,8769
8939,8769
8968,8769
9010,8769
8963,8769
8961,8769
8979,8769
9031,8769
8983,8769
8949,8769
8953,8761
8979,8761
8973,8761
9004,8761
8949,8761
8970,8761
8954,8761
8967,8761
8956,8761
8949,8761
8962,8761
8960,8761
9023,8761
8959,8761
8942,8761
8943,8761
8961,8761
9014,8761
8951,8761
8957,8761
8983,8761
8980,8761
8942,8761
8966,8761
8957,8761
8992,8761
8955,8761
8977,8761
8965,8761
9009,8761
8938,8761
8936,8761
8936,8761
8966,8761
8928,8761
8997,8761
8945,8761
9002,8761
8955,8761
8992,8761
8973,8761
8962,8761
8945,8761
8965,8761
8959,8761
8997,8761
8966,8761
8970,8761
8971,8761
9002,8761
8989,8761
8972,8761
8983,8761
9018,8761
8979,8761
8989,8761
8978,8761
8950,8761
8921,8761
8976,8761
8946,8761
8970,8761
8962,8761
9038,8761
8974,8761
8958,8761
9002,8761
8997,8761
8952,8761
8959,8761
8949,8761
8974,8761
8989,8761
8957,8761
8941,8761
8945,8761
8966,8761
8961,8761
8991,8761
9012,8761
8943,8761
8932,8761
8957,8761
8992,8761
8976,8761
8947,8761
8989,8761
8991,8761
8937,8761
8951,8761
9025,8761
9036,8761
9133,8761
9108,8761
8852,8761
8851,8761
8808,8761
8857,8761
8829,8761
8847,8761
8870,8761
8802,8761
8836,8761
8843,8761
8838,8761
8896,8761
8817,8761
8829,8761
8904,8761
8836,8761
8827,8761
8834,8761
8853,8761
8879,8761
8850,8761
8824,8761
8883,8761
8876,8761
8877,8761
8818,8761
8838,8761
8840,8761
8827,8761
8851,8751
8870,8751
8821,8751
8848,8751
8811,8751
8837,8751
8825,8751
8814,8751
8804,8751
8806,8751
8843,8751
8828,8751
8835,8751
8820,8751
8788,8751
8828,8722
8824,8722
8806,8722
8761,8722
8814,8722
8755,8722
8807,8722
8803,8722
8776,8722
8758,8722
8778,8722
8799,8722
8786,8722
8788,8722
8760,8722
8820,8722
8828,8722
8821,8722
8788,8722
8769,8722
8796,8722
8816,8722
8801,8722
8817,8722
8777,8722
8793,8722
8829,8722
8814,8722
8847,8722
8775,8722
8785,8722
8795,8722
8799,8722
8860,8722
8797,8722
8811,8722
8770,8722
8788,8722
8780,8722
8789,8722
8810,8722
8777,8722
8797,8722
8800,8722
8815,8722
8765,8722
8795,8722
8844,8722
8814,8722
8770,8722
8794,8722
8789,8722
8760,8722
8814,8722
8757,8722
8827,8722
8806,8722
8797,8722
8781,8722
8816,8722
8823,8722
8774,8722
8749,8722
8807,8722
8786,8722
8853,8722
8782,8722
8811,8722
8820,8722
8821,8722
8849,8722
8793,8722
8807,8722
8782,8722
8782,8722
8781,8722
8798,8722
8800,8722
8822,8722
8798,8722
8815,8722
8776,8722
8819,8722
8782,8722
8762,8722
8863,8722
8777,8722
8762,8722
8785,8722
8784,8722
8807,8722
8774,8722
8781,8722
8803,8722
8760,8722
8763,8722
8828,8722
8816,8722
8824,8722
8783,8722
8776,8722
8780,8719
8811,8719
8770,8719
8756,8719
8800,8719
8796,8719
8808,8719
8766,8719
8776,8719
8766,8719
8816,8719
8795,8719
8823,8719
8804,8719
8777,8719
8792,8719
8801,8719
8774,8719
8797,8719
8786,8719
8777,8719
8789,8719
8828,8719
8855,8719
8799,8719
8818,8719
8785,8719
8789,8719
8763,8719
8848,8719
8846,8719
8829,8719
8800,8719
8777,8719
8810,8719
8846,8719
8805,8719
8763,8719
8776,8719
8793,8719
8783,8719
8777,8719
8792,8719
8778,8719
8836,8719
8844,8719
8817,8719
8768,8719
8804,8719
8797,8719
8767,8719
8803,8719
8825,8719
8815,8719
8768,8719
8810,8719
8826,8719
8772,8719
8767,8719
8778,8719
8801,8719
8837,8719
8785,8719
8825,8719
8798,8719
8773,8719
8816,8719
8770,8719
8795,8719
8803,8719
8785,8719
8790,8719
8776,8719
8775,8719
8806,8719
8814,8719
8755,8719
8785,8719
8781,8719
8824,8719
8793,8719
8765,8719
8787,8719
8788,8719
8806,8719
8804,8719
8771,8719
8746,8719
8800,8719
8833,8719
8809,8719
8757,8719
8793,8719
8818,8719
8805,8719
8776,8719
8762,8719
8782,8719
8799,8719
8825,8719
8779,8719
8768,8719
8759,8719
8789,8719
8791,8719
8787,8719
8792,8719
8809,8719
8767,8719
8772,8719
8827,8719
8821,8719
8825,8719
8785,8719
8799,8719
8826,8719
8845,8719
8805,8719
8796,8719
8789,8719
8780,8719
8820,8719
8784,8719
8795,8719
8858,8719
8825,8719
8835,8719
8812,8719
8739,8719
8800,8719
8819,8719
8768,8719
8775,8719
8824,8719
8832,8719
8826,8719
8774,8719
8821,8719
8758,8719
8805,8719
8804,8719
8802,8719
8795,8719
8777,8719
8828,8719
8803,8719
8784,8719
8772,8719
8861,8719
8827,8719
8825,8719
8788,8719
8818,8719
8836,8719
8823,8719
8752,8719
8806,8719
8769,8719
8785,8719
8816,8719
8805,8719
8756,8719
8812,8719
8804,8719
8800,8719
8802,8719
8800,8719
8804,8719
8781,8719
8787,8719
8783,8719
8774,8719
8774,8719
8812,8719
8806,8719
8796,8719
8796,8719
8792,8719
8816,8719
8790,8719
8766,8719
8826,8719
8807,8719
8841,8719
8786,8719
8765,8719
8764,8719
8830,8719
8784,8719
8778,8719
8819,8719
8799,8719
8787,8719
8781,8719
8788,8719
8846,8719
8769,8719
8768,8719
8794,8719
8776,8719
8793,8719
8823,8719
8813,8719
8774,8719
8820,8719
8755,8719
8807,8719
8822,8719
8805,8719
8795,8719
8828,8719
8800,8719
8809,8719
8812,8719
8853,8719
8796,8719
8757,8719
8791,8719
8807,8719
8780,8719
8858,8719
8789,8719
8793,8719
8759,8719
8808,8719
8788,8719
8773,8719
8799,8719
8794,8719
8775,8719
8786,8719
8758,8719
8866,8719
8822,8719
8799,8719
8734,8719
8785,8719
8796,8719
8808,8719
8843,8719
8791,8719
8819,8719
8795,8719
8782,8719
8803,8719
8755,8719
8794,8719
8770,8719
8810,8719
8830,8719
8813,8719
8794,8719
8813,8719
8778,8719
8802,8719
8773,8719
8776,8719
8770,8719
8770,8719
8881,8719
8811,8719
8792,8719
8861,8719
8835,8719
8850,8719
8787,8719
8802,8719
8831,8719
8763,8719
8772,8719
8803,8719
8768,8719
8808,8719
8767,8719
8783,8719
8767,8719
8788,8719
8766,8719
8761,8719
