averageFitness,bestFitness
30542,26382
28868,25037
27780,25037
26947,24831
26345,23312
25908,23312
25271,22707
24765,22509
24430,22509
23857,22223
23614,21410
23248,21037
22920,21037
22398,20516
22122,20516
21313,20239
21102,19702
20771,19702
20613,19686
20403,19381
20115,19227
19962,18833
20029,18833
19981,18742
19658,18742
19566,18742
19381,18556
19206,18556
19015,17644
18892,17615
18777,17615
18643,17312
18014,17082
17769,16906
17682,16795
17425,16087
17483,16017
17091,15897
16802,15897
16531,15857
16447,15729
16438,15729
16485,15727
16278,15420
16096,15166
16065,15166
15857,15101
15880,15089
15816,14829
15526,14829
15592,14727
15413,14597
15112,14597
14895,14513
14732,14367
14748,14367
14727,14161
14690,14161
14666,13878
14598,13878
14482,13516
14326,13516
14146,13382
13925,13355
13757,12981
13680,12981
13711,12981
13549,12819
13243,12754
13137,12754
13222,12664
13094,12664
13122,12636
13192,12602
13354,12602
13244,12595
13049,12398
13115,12398
13076,12398
12950,12354
12845,12227
12784,12048
12677,12048
12656,12041
12541,12041
12677,12041
12462,11940
12247,11689
12250,11689
12238,11689
12087,11676
11958,11640
11861,11628
11922,11538
11835,11525
11888,11496
11788,11353
11770,11353
11709,11188
11717,11188
11748,11188
11509,11052
11344,10970
11286,10970
11256,10970
11272,10654
11243,10654
11206,10518
11194,10438
11090,10393
10848,10393
10776,10257
10696,10257
10632,10257
10596,10223
10447,10212
10409,10178
10464,10178
10398,10178
10421,10133
10431,10133
10369,10133
10376,10133
10307,10133
10375,10094
10284,10094
10337,10017
10405,10017
10436,10017
10474,10017
10321,10017
10301,9951
10243,9951
10241,9880
10215,9880
10244,9880
10194,9880
10099,9865
10053,9805
10056,9805
10100,9805
10098,9805
10062,9805
10078,9805
10098,9805
10077,9805
10031,9805
10085,9805
10059,9800
10026,9800
10022,9800
9964,9754
10017,9754
10055,9754
10242,9725
10067,9725
10047,9661
9968,9661
10086,9661
9869,9661
9897,9661
9899,9661
9944,9661
9847,9661
9823,9661
9905,9661
9842,9487
9893,9487
9829,9487
9799,9487
9767,9487
9725,9487
9747,9487
9695,9487
9766,9487
9772,9477
9786,9477
9681,9477
9690,9477
9704,9477
9751,9477
9738,9477
9678,9276
9714,9276
9649,9276
9548,9276
9493,9230
9468,9230
9491,9230
9573,9230
9475,9230
9481,9230
9463,9230
9527,9230
9495,9230
9478,9230
9483,9124
9508,9124
9420,9124
9444,9124
9429,9124
9360,9124
9332,9124
9346,9124
9321,9078
9328,9078
9414,9078
9317,9078
9382,9078
9273,9078
9359,9078
9309,9078
9351,9078
9242,9078
9318,9078
9351,9078
9298,9078
9325,9078
9294,9078
9323,9078
9366,9078
9295,9078
9284,9078
9297,9078
9315,9078
9297,9078
9232,9078
9314,9078
9266,9078
9318,9078
9269,9078
9293,9078
9291,9078
9278,9078
9312,9078
9321,9078
9314,9078
9300,9078
9303,9078
9294,9078
9250,9078
9271,9078
9313,9078
9366,9078
9315,9078
9276,9078
9280,9078
9337,9078
9247,9078
9312,9078
9347,9078
9261,9078
9369,9078
9257,9078
9277,9078
9270,9078
9293,9078
9258,9078
9319,9078
9244,9078
9335,9078
9342,9078
9256,9078
9286,9078
9285,9078
9273,9078
9318,9078
9298,9078
9261,9078
9328,9078
9302,9078
9268,9078
9246,9078
9308,9078
9325,9078
9272,9078
9287,9078
9295,9078
9331,9078
9301,9078
9278,9078
9279,9078
9289,9078
9329,9078
9371,9078
9357,9078
9360,9078
9269,9078
9303,9078
9313,9078
9350,9078
9310,9078
9299,9078
9263,9078
9337,9078
9259,9078
9326,9078
9277,9078
9399,9078
9220,9078
9320,9078
9284,9078
9283,9078
9299,9078
9364,9078
9287,9078
9318,9078
9271,9078
9301,9078
9314,9078
9262,9078
9269,9078
9336,9078
9278,9078
9292,9078
9308,9078
9328,9078
9269,9078
9281,9078
9275,9078
9253,9078
9297,9078
9321,9078
9285,9078
9290,9078
9375,9078
9297,9078
9314,9078
9310,9078
9308,9078
9296,9078
9264,9078
9252,9078
9335,9078
9271,9078
9273,9078
9377,9078
9285,9078
9282,9078
9334,9078
9335,9078
9226,9078
9284,9078
9214,9078
9339,9078
9272,9078
9258,9078
9282,9078
9307,9078
9354,9078
9281,9078
9263,9078
9353,9078
9271,9078
9255,9078
9289,9078
9326,9078
9285,9078
9274,9078
9293,9078
9283,9078
9333,9078
9326,9078
9290,9078
9384,9078
9264,9078
9243,9078
9336,9078
9283,9078
9266,9078
9297,9078
9284,9078
9290,9078
9335,9078
9273,9078
9315,9078
9267,9078
9256,9078
9280,9078
9316,9078
9276,9078
9312,9078
9290,9078
9212,9078
9312,9078
9315,9078
9282,9078
9295,9078
9291,9078
9242,9078
9299,9078
9322,9078
9237,9078
9243,9078
9307,9078
9257,9078
9249,9078
9364,9078
9394,9078
9280,9078
9295,9078
9326,9078
9331,9078
9303,9078
9326,9078
9356,9078
9361,9078
9226,9078
9313,9078
9242,9078
9342,9078
9327,9078
9280,9078
9266,9078
9342,9078
9303,9078
9294,9078
9302,9078
9304,9078
9354,9078
9370,9078
9267,9078
9348,9078
9316,9078
9264,9078
9327,9078
9314,9078
9321,9078
9305,9078
9272,9078
9372,9078
9339,9078
9265,9078
9225,9078
9343,9078
9281,9078
9273,9078
9247,9078
9314,9078
9250,9078
9319,9078
9350,9078
9299,9078
9296,9078
9292,9078
9267,9078
9339,9078
9262,9078
9340,9078
9273,9078
9313,9078
9333,9078
9323,9078
9357,9078
9285,9078
9273,9078
9287,9078
9340,9078
9263,9078
9200,9078
9329,9078
9268,9078
9258,9078
9268,9078
9264,9078
9260,9078
9331,9078
9334,9078
9301,9078
9288,9078
9317,9078
9296,9078
9277,9078
9350,9078
9312,9078
9267,9078
9288,9078
9286,9078
9296,9078
9309,9078
9242,9078
9290,9078
9325,9078
9296,9078
9284,9078
9292,9078
9373,9078
9281,9078
9287,9078
9279,9078
9349,9078
9345,9078
9293,9078
9306,9078
9240,9078
9347,9078
9349,9078
9389,9078
9310,9078
9296,9078
9294,9078
9267,9078
9251,9078
9309,9078
9251,9078
9242,9078
9301,9078
9368,9078
9226,9078
9284,9078
9279,9078
9198,9078
9315,9078
9336,9078
9298,9078
9302,9078
9233,9078
9245,9078
9214,9078
9319,9078
9311,9078
9295,9078
9322,9078
9355,9078
9292,9078
9282,9078
9251,9078
9280,9078
9288,9078
9283,9078
9286,9078
9297,9078
9307,9078
9288,9078
9308,9078
9372,9078
9267,9078
9243,9078
9328,9078
9287,9078
9343,9078
9284,9078
9306,9078
9282,9078
9308,9078
9272,9078
9321,9078
9297,9078
9291,9078
9307,9078
9356,9078
9279,9078
9255,9078
9303,9078
9301,9078
9242,9078
9343,9078
9294,9078
9302,9078
9287,9078
9311,9078
9312,9078
9290,9078
9233,9078
9267,9078
9294,9078
9307,9078
9307,9078
9283,9078
9341,9078
9323,9078
9293,9078
9261,9078
9326,9078
9279,9078
9267,9078
9356,9078
9305,9078
9278,9078
9296,9078
9283,9078
9240,9078
9268,9078
9249,9078
9275,9078
9239,9078
9306,9078
9302,9078
9316,9078
9333,9078
9227,9078
9304,9078
9293,9078
9256,9078
9396,9078
9255,9078
9288,9078
9256,9078
9311,9078
9390,9078
9284,9078
9348,9078
9308,9078
9370,9078
9278,9078
9268,9078
9360,9078
9282,9078
9383,9078
9258,9078
9294,9078
9297,9078
9322,9078
9252,9078
9276,9078
9317,9078
9282,9078
9285,9078
9249,9078
9388,9078
9288,9078
9319,9078
9303,9078
9233,9078
9242,9078
9359,9078
9287,9078
9331,9078
9264,9078
9283,9078
9344,9078
9312,9078
9286,9078
9313,9078
9269,9078
9304,9078
9357,9078
9330,9078
9339,9078
9321,9078
9268,9078
9365,9078
9336,9078
9325,9078
9299,9078
9288,9078
9284,9078
9251,9078
9249,9078
9302,9078
9377,9078
9292,9078
9266,9078
9290,9078
9345,9078
9353,9078
9315,9078
9323,9078
9346,9078
9298,9078
9291,9078
9259,9078
9308,9078
9341,9078
9187,9078
9264,9078
9273,9078
9360,9078
9365,9078
9299,9078
9311,9078
9284,9078
9272,9078
9310,9078
9286,9078
9344,9078
9295,9078
9270,9078
9280,9078
9275,9078
9266,9078
9298,9078
9303,9078
9312,9078
9262,9078
9305,9078
9276,9078
9287,9078
9235,9078
9273,9078
9277,9078
9328,9078
9268,9078
9243,9078
9258,9078
9281,9078
9333,9078
9359,9078
9249,9078
9384,9078
9297,9078
9279,9078
9248,9078
9338,9078
9277,9078
9337,9078
9308,9078
9234,9078
9287,9078
9326,9078
9364,9078
9321,9078
9325,9078
9302,9078
9284,9078
9311,9078
9313,9078
9299,9078
9315,9078
9334,9078
9300,9078
9300,9078
9321,9078
9272,9078
9296,9078
9293,9078
9313,9078
9294,9078
9310,9078
9288,9078
9262,9078
9342,9078
9310,9078
9368,9078
9256,9078
9334,9078
9315,9078
9260,9078
9301,9078
9339,9078
9233,9078
9297,9078
9286,9078
9290,9078
9387,9078
9204,9078
9268,9078
9290,9078
9307,9078
9240,9078
9269,9078
9330,9078
9240,9078
9332,9078
9311,9078
9261,9078
9421,9078
9350,9078
9300,9078
9299,9078
9298,9078
9339,9078
9269,9078
9187,9078
9337,9078
9292,9078
9233,9078
9371,9078
9299,9078
9245,9078
9264,9078
9306,9078
9353,9078
9250,9078
9297,9078
9300,9078
9265,9078
9266,9078
9277,9078
9305,9078
9292,9078
9283,9078
9318,9078
9300,9078
9289,9078
9295,9078
9319,9078
9249,9078
9325,9078
9293,9078
9319,9078
9325,9078
9273,9078
9349,9078
9262,9078
9271,9078
9273,9078
9292,9078
9292,9078
9359,9078
9278,9078
9298,9078
9332,9078
9269,9078
9321,9078
9251,9078
9243,9078
9295,9078
9270,9078
9350,9078
9281,9078
9293,9078
9290,9078
9320,9078
9306,9078
9278,9078
9301,9078
9285,9078
9229,9078
9275,9078
9272,9078
9312,9078
9336,9078
9333,9078
9283,9078
9331,9078
9290,9078
9269,9078
9300,9078
9306,9078
9294,9078
9230,9078
9287,9078
9337,9078
9309,9078
9260,9078
9366,9078
9313,9078
9297,9078
9304,9078
9287,9078
9298,9078
9287,9078
9246,9078
9370,9078
9364,9078
9311,9078
9231,9078
9248,9078
9313,9078
9314,9078
9285,9078
9281,9078
9375,9078
9275,9078
9367,9078
9289,9078
9256,9078
9335,9078
9257,9078
9276,9078
9324,9078
9270,9078
9325,9078
9306,9078
9303,9078
9286,9078
9282,9078
9310,9078
9309,9078
9364,9078
9286,9078
9342,9078
9320,9078
9261,9078
9279,9078
9400,9078
9276,9078
9230,9078
9306,9078
9293,9078
9334,9078
9308,9078
9302,9078
9236,9078
9289,9078
9277,9078
9261,9078
9311,9078
9274,9078
9329,9078
9334,9078
9269,9078
9266,9078
9281,9078
9231,9078
9282,9078
9303,9078
9227,9078
9292,9078
9300,9078
9325,9078
9334,9078
9226,9078
9328,9078
9274,9078
9260,9078
9370,9078
9294,9078
9283,9078
9201,9078
9253,9078
9315,9078
9349,9078
9267,9078
9299,9078
9277,9078
9329,9078
9271,9078
9254,9078
9371,9078
9228,9078
9256,9078
9287,9078
9259,9078
9293,9078
9320,9078
9274,9078
9244,9078
9302,9078
9290,9078
9317,9078
9249,9078
9298,9078
9230,9078
9319,9078
9262,9078
9298,9078
9279,9078
9389,9078
9323,9078
9273,9078
9212,9078
9289,9078
9246,9078
9224,9078
9321,9078
9276,9078
9215,9078
9322,9078
9331,9078
9248,9078
9306,9078
9265,9078
9239,9078
9319,9078
9347,9078
9280,9078
9250,9078
9261,9078
9305,9078
9294,9078
9337,9078
9268,9078
9267,9078
9274,9078
9296,9078
9329,9078
9247,9078
9343,9078
9317,9078
9215,9078
9258,9078
9285,9078
9352,9078
9366,9078
9318,9078
9335,9078
9318,9078
9283,9078
9327,9078
9303,9078
9331,9078
9333,9078
9325,9078
9304,9078
9278,9078
9340,9078
9287,9078
9310,9078
9297,9078
9297,9078
9301,9078
9315,9078
9261,9078
9290,9078
9397,9078
9288,9078
9301,9078
9302,9078
9347,9078
